1.213855440812838197e+03
2.195130514976935046e+03
1.996570743853284966e+03
4.430785953628933385e+03
6.570286967170677599e+03
5.576899960093491245e+03
8.846761487786287034e+03
1.023762704577376280e+04
1.026414954683604446e+04
1.511607546205681865e+04
1.466946433670651459e+04
1.608267713700879540e+04
2.149933415143653110e+04
2.139935319252648333e+04
2.312030606140117743e+04
2.747407505404285621e+04
2.820783602604895714e+04
3.134140844038737123e+04
3.465542364244104829e+04
3.389682363787782378e+04
3.974629055545380106e+04
4.549339184841938550e+04
4.321023684793169377e+04
4.760479198747215560e+04
4.946474505147495074e+04
4.842188759276689962e+04
5.880500539445225149e+04
6.087666518781799823e+04
5.950167500828811899e+04
7.508023727799113840e+04
7.343345303399628028e+04
7.716934522718586959e+04
8.913618016495555639e+04
9.211985915577108972e+04
9.913380394064658321e+04
1.127786378111173399e+05
1.119688605001438409e+05
1.278590953149190173e+05
1.435097317991892342e+05
1.476989537764596753e+05
1.625110372001146898e+05
1.733597233233239967e+05
1.769388730202587321e+05
1.991942626026240177e+05
2.085374781077201478e+05
2.078846085725645535e+05
2.400289337064325809e+05
2.440892707657758147e+05
2.494130019767927006e+05
2.845257987243942916e+05
2.814291003529708833e+05
2.882219222714332864e+05
3.147596000937195495e+05
3.191927509419713169e+05
3.302490758815528825e+05
3.547493892230698839e+05
3.535772329894788563e+05
3.735110628358339891e+05
3.969405466618314385e+05
3.988344219454023987e+05
4.198543843684224412e+05
4.428140955856358632e+05
4.385999805120863020e+05
4.746606137702427804e+05
4.907207365822661668e+05
4.862246099455635995e+05
5.248314705078341067e+05
5.341608725665397942e+05
5.321348529018666595e+05
5.744353892805967480e+05
5.788323438901156187e+05
5.866313548658993095e+05
6.173308149331454188e+05
6.215874707408342510e+05
6.430900915810633451e+05
6.751045304581727833e+05
6.749621366032939404e+05
7.121827245534285903e+05
7.380261730242222548e+05
7.412205670428834856e+05
7.743803145627304912e+05
7.967577929355949163e+05
7.995972880288176239e+05
8.343422812241166830e+05
8.447612836402058601e+05
8.412576888280399144e+05
8.340733818258233368e+05
8.398990463862866163e+05
8.344736029252558947e+05
8.403162020696327090e+05
8.446109965212754905e+05
8.503499229936674237e+05
8.771277630728408694e+05
8.787080533259473741e+05
8.880249173541553319e+05
9.134426319058649242e+05
9.087734797435328364e+05
9.279210602767877281e+05
9.472612186555042863e+05
9.440121945439800620e+05
9.827885586348325014e+05
9.983336533628478646e+05
9.854905838457345963e+05
1.026462132185168564e+06
1.040354754528380930e+06
1.032153445041857660e+06
1.067041567916095257e+06
1.066361450610175729e+06
1.063016945627257228e+06
1.113863153656192124e+06
1.107139452096290886e+06
1.116598621049478650e+06
1.127552722276769578e+06
1.128947506360486150e+06
1.150786024189338088e+06
1.183189403018005192e+06
1.182963099737510085e+06
1.241026736648574471e+06
1.291209375702165067e+06
1.287259169822670519e+06
1.213884168110683560e+06
1.186233071695514023e+06
1.184035601054005325e+06
1.088037332917280495e+06
1.079939764671869576e+06
1.077019290269024670e+06
9.995858738344609737e+05
9.928298702350333333e+05
9.939200209877341986e+05
9.396082100887596607e+05
9.486598064303100109e+05
9.418276012242138386e+05
9.462049971384704113e+05
9.471089427267760038e+05
9.202294665062129498e+05
8.990069229389280081e+05
9.020046518267989159e+05
8.727215354001820087e+05
8.617094580420404673e+05
8.599220972635149956e+05
8.240858554182797670e+05
8.112334136051535606e+05
8.072010219974815845e+05
7.800543765533864498e+05
7.724910496313422918e+05
7.808346270697116852e+05
7.847880398717075586e+05
7.884275067668110132e+05
7.769389619990140200e+05
7.470379586488753557e+05
7.448560216686278582e+05
7.072013101583421230e+05
6.322228514240831137e+05
6.357117190368622541e+05
5.736668215795904398e+05
5.159285104366540909e+05
5.139526120613962412e+05
4.412006076866239309e+05
4.071690140878707170e+05
4.064807199157178402e+05
3.383230690253973007e+05
3.239914815782904625e+05
3.223742955352663994e+05
2.395274138865023851e+05
2.332410447046607733e+05
2.292397928817421198e+05
1.740119716474115849e+05
1.707360374295264482e+05
1.624252190084755421e+05
1.277641380386501551e+05
1.254639886648207903e+05
1.142283237646967173e+05
9.305788921731710434e+04
9.229756596226990223e+04
8.043880205711722374e+04
6.875739291189610958e+04
7.018596141262352467e+04
6.249601294589042664e+04
5.902480751128494740e+04
5.865374310497939587e+04
4.591058175408840179e+04
4.532390538714826107e+04
4.603454690685868263e+04
3.247030039130151272e+04
3.234619976226985455e+04
3.189611787374317646e+04
2.496320332817733288e+04
2.597283474408090115e+04
2.439695637534558773e+04
2.025456560811400414e+04
2.023221299159526825e+04
1.864624346104264259e+04
1.590581210744380951e+04
1.582812563000619411e+04
1.247361582225561142e+04
1.102364847299456596e+04
1.156152227495610714e+04
8.635728759363293648e+03
7.336598990470170975e+03
7.775486226215958595e+03
8.335027511790394783e+03
8.566314008474349976e+03
8.772908527970314026e+03
6.344952044099569321e+03
6.430898183301091194e+03
6.630295612663030624e+03
5.296710745453834534e+03
5.199566313147544861e+03
5.138857619181275368e+03
4.784243664413690567e+03
4.710528793409466743e+03
3.875048169896006584e+03
3.505276773780584335e+03
2.824981078714132309e+03
2.517537685319781303e+03
2.181057176619768143e+03
2.100479648143053055e+03
1.853539301276206970e+03
2.059364089742302895e+03
2.019126097887754440e+03
1.847672596693038940e+03
1.170529715165495872e+03
1.718204635486006737e+03
1.515925387009978294e+03
1.233254392653703690e+03
1.466295659229159355e+03
1.156778655543923378e+03
1.403734012886881828e+03
1.276832195952534676e+03
1.046505338475108147e+03
1.370822427064180374e+03
9.761540885567665100e+02
8.115494571030139923e+02
1.363890952721238136e+03
1.003975209146738052e+03
1.019269279316067696e+03
8.369350510984659195e+02
9.171179783195257187e+02
6.004145635366439819e+02
7.091505142748355865e+02
8.721468564420938492e+02
7.254051797837018967e+02
7.343252673149108887e+02
8.420265157520771027e+02
7.818994295150041580e+02
7.897515185922384262e+02
7.901065741479396820e+02
1.193802639126777649e+03
7.995829840153455734e+02
9.843673484623432159e+02
1.084580382451415062e+03
1.258668189257383347e+03
1.116489910557866096e+03
1.213780188709497452e+03
1.138887384310364723e+03
8.527440452873706818e+02
1.000738941490650177e+03
9.121094645857810974e+02
8.329352342337369919e+02
8.711512618958950043e+02
6.384841972142457962e+02
6.327580575346946716e+02
5.432659497410058975e+02
2.639154680818319321e+02
4.538559829890727997e+02
2.944329162389039993e+02
2.867151679843664169e+02
3.217587189525365829e+02
2.669442808032035828e+02
1.741639426499605179e+02
3.433871933370828629e+02
2.978660130202770233e+02
3.386938991546630859e+02
3.645906936228275299e+02
3.613176799267530441e+02
3.102522952258586884e+02
3.267412862032651901e+02
2.475423577427864075e+02
4.395110973715782166e+02
2.667406661659479141e+02
4.397047610133886337e+02
4.212290816307067871e+02
5.569423466920852661e+02
1.027484272435307503e+03
8.076581073105335236e+02
9.331257997155189514e+02
1.402024455666542053e+03
1.301919978514313698e+03
1.601803213819861412e+03
1.842733521431684494e+03
1.620030860587954521e+03
1.347583017423748970e+03
1.664342016890645027e+03
1.715072081327438354e+03
1.713435216635465622e+03
1.694939550116658211e+03
1.672529922991991043e+03
2.280382826790213585e+03
2.585048641145229340e+03
2.400977570563554764e+03
2.903206968382000923e+03
3.499763643190264702e+03
3.410639878153800964e+03
4.396493680521845818e+03
3.718524614900350571e+03
4.231825639024376869e+03
4.602335600778460503e+03
4.718617602616548538e+03
5.218999735981225967e+03
5.516346055433154106e+03
5.490694810047745705e+03
6.242015644043684006e+03
6.912812678754329681e+03
6.288112043514847755e+03
7.260809816017746925e+03
6.516894263669848442e+03
7.504783565223217010e+03
7.822878822118043900e+03
6.499964164167642593e+03
7.530881056383252144e+03
7.591976074293255806e+03
7.759906052872538567e+03
7.801774772733449936e+03
8.857350025087594986e+03
9.203382316783070564e+03
9.555524379193782806e+03
9.721860857754945755e+03
9.571512579172849655e+03
1.036621331819891930e+04
1.079637056748569012e+04
1.069765351314842701e+04
1.197397290007770061e+04
1.157701204001903534e+04
1.294384560045599937e+04
1.104661427868902683e+04
1.129616846758127213e+04
1.133730617241561413e+04
7.759328862279653549e+03
7.832929646462202072e+03
6.887048415169119835e+03
3.431580132395029068e+03
3.406823640540242195e+03
2.843485341638326645e+03
1.283760547146201134e+03
1.329804421082139015e+03
1.015349597200751305e+03
4.454613473415374756e+02
3.850348841696977615e+02
3.929827113896608353e+02
2.993705594241619110e+02
2.243476537019014359e+02
1.894663754850625992e+02
2.411462617367506027e+02
2.744935469925403595e+02
2.025507750958204269e+02
1.798493174612522125e+02
1.907921518087387085e+02
2.392096797674894333e+02
1.871362531930208206e+02
1.749722019881010056e+02
2.437833802103996277e+02
2.365534265488386154e+02
1.909110015928745270e+02
1.094375939667224884e+02
1.204321071803569794e+02
1.485722375959157944e+02
8.535571694374084473e+01
6.877705262601375580e+01
5.456244137883186340e+01
3.022780506312847137e+01
6.549279552698135376e+01
1.176742300391197205e+02
7.245433171093463898e+01
5.464688137173652649e+01
1.143344957083463669e+02
3.759499840438365936e+01
1.115280816256999969e+02
6.723260016739368439e+01
3.626085314154624939e+01
4.384483361244201660e+01
7.676691177487373352e+01
7.959233880043029785e+01
8.129566311836242676e+01
1.357463992685079575e+02
1.423080469518899918e+02
1.023213346600532532e+02
1.677358504682779312e+02
5.425116015970706940e+01
1.254585004895925522e+02
1.041648576706647873e+02
1.057129229009151459e+02
9.772284837067127228e+01
9.108972384035587311e+01
2.747997842729091644e+01
2.027126968055963516e+02
5.915207771956920624e+01
1.725429490357637405e+02
1.840276548266410828e+02
1.039006374478340149e+02
1.348185183256864548e+02
1.363429003357887268e+02
1.840182983279228210e+02
1.512956401705741882e+02
1.324071816504001617e+02
2.068423222154378891e+02
2.574408091455698013e+02
1.185447463393211365e+02
1.835370936840772629e+02
2.068549874275922775e+02
1.988489234447479248e+02
1.586565760970115662e+02
2.510469212979078293e+02
2.748271474242210388e+02
2.190824958384037018e+02
2.589218952059745789e+02
2.438165707141160965e+02
4.360304248481988907e+02
3.276851081699132919e+02
2.035354183167219162e+02
1.690286367684602737e+02
1.919831686764955521e+02
2.843506008982658386e+02
2.539316835105419159e+02
2.560930348038673401e+02
2.406480511724948883e+02
4.661798309683799744e+02
2.239829549044370651e+02
2.299042201489210129e+02
3.720263173580169678e+02
2.529340198040008545e+02
2.959780467748641968e+02
3.145719522684812546e+02
4.992649931609630585e+02
3.344200399965047836e+02
2.580428158193826675e+02
3.971817114800214767e+02
5.415242531448602676e+02
3.821302522569894791e+02
4.189483546167612076e+02
2.889562365263700485e+02
2.104443861246109009e+02
2.735046178102493286e+02
2.720156104415655136e+02
3.029473552256822586e+02
4.519495688825845718e+02
4.494655946493148804e+02
2.988524167984724045e+02
5.308581984937191010e+02
4.646449638009071350e+02
5.465961019545793533e+02
4.645991775244474411e+02
4.258130383640527725e+02
4.075166929513216019e+02
3.835970919281244278e+02
4.316869509965181351e+02
5.018199218213558197e+02
4.979931034743785858e+02
4.393807608932256699e+02
3.951247433871030807e+02
4.543034148216247559e+02
3.337281357198953629e+02
3.774570493847131729e+02
3.174393777996301651e+02
3.200052953809499741e+02
3.718230188339948654e+02
5.022237947136163712e+02
4.602992924004793167e+02
7.042823587059974670e+02
2.890791250318288803e+02
4.596977850049734116e+02
4.543603693991899490e+02
5.062255750298500061e+02
4.754370495826005936e+02
2.760728539824485779e+02
5.160890289545059204e+02
4.552439894378185272e+02
5.454290622919797897e+02
5.701868316531181335e+02
5.055371184200048447e+02
5.037060536891222000e+02
5.668743776082992554e+02
5.004080863147974014e+02
3.593895095884799957e+02
6.024683017134666443e+02
5.626265425682067871e+02
3.374035356491804123e+02
3.849136500060558319e+02
3.998845809251070023e+02
4.008511519283056259e+02
2.302465315610170364e+02
3.782043709158897400e+02
3.406325804889202118e+02
3.649490771889686584e+02
3.594897633194923401e+02
3.867405033260583878e+02
2.181265006214380264e+02
2.469541962593793869e+02
3.029513227343559265e+02
4.268231807351112366e+02
3.704467571675777435e+02
4.410310390740633011e+02
4.834837389439344406e+02
1.812902845591306686e+02
3.257936205416917801e+02
3.007080254703760147e+02
3.278601125329732895e+02
3.438151013106107712e+02
2.118136410415172577e+02
2.254765951931476593e+02
3.615345533341169357e+02
3.668254054933786392e+02
3.804190952628850937e+02
2.841804898381233215e+02
3.458973437547683716e+02
3.220888015478849411e+02
4.199485601782798767e+02
4.346538679748773575e+02
3.146225029230117798e+02
3.883616448938846588e+02
3.950330327302217484e+02
3.721743424087762833e+02
3.405040310174226761e+02
4.067563152462244034e+02
3.990468311458826065e+02
4.503917633444070816e+02
3.745284348279237747e+02
4.245273001790046692e+02
4.796325845718383789e+02
4.028448905944824219e+02
3.780242214053869247e+02
3.636960195899009705e+02
3.333543367683887482e+02
3.314521261453628540e+02
3.214151369631290436e+02
4.880358276367187500e+02
3.081768746674060822e+02
3.187161610275506973e+02
4.275525722205638885e+02
3.741360468566417694e+02
2.645078022480010986e+02
4.254307649135589600e+02
5.128652293533086777e+02
3.654459286332130432e+02
2.459749112725257874e+02
4.802215676903724670e+02
4.028545726835727692e+02
4.663433618992567062e+02
6.681887912750244141e+02
4.959023053646087646e+02
4.650912520885467529e+02
4.404812484085559845e+02
5.034284456372261047e+02
5.036086302697658539e+02
3.399948699027299881e+02
4.763891020566225052e+02
4.435971297770738602e+02
5.540755548924207687e+02
4.284340968579053879e+02
5.253184304684400558e+02
5.199959447830915451e+02
4.175082476437091827e+02
5.167369714379310608e+02
4.054540251940488815e+02
2.823141392171382904e+02
4.354533611834049225e+02
3.318449851721525192e+02
5.908870291411876678e+02
3.406732099801301956e+02
5.572552450746297836e+02
4.381040358245372772e+02
3.703004294335842133e+02
5.649043480753898621e+02
3.696896979212760925e+02
6.596755024641752243e+02
4.283271017670631409e+02
4.974594547748565674e+02
7.709426310807466507e+02
5.973545861542224884e+02
4.805429116487503052e+02
8.029780319482088089e+02
5.933485691994428635e+02
3.908655299842357635e+02
5.544425448179244995e+02
6.426205024570226669e+02
5.655493944436311722e+02
5.963247471302747726e+02
6.146523238122463226e+02
6.316669921129941940e+02
6.273449746519327164e+02
5.249528704881668091e+02
5.506509816497564316e+02
5.872903665155172348e+02
6.935872446894645691e+02
4.950303273648023605e+02
5.530395011007785797e+02
8.040111906677484512e+02
4.830406379103660583e+02
4.820744272023439407e+02
7.028429687470197678e+02
6.943013016730546951e+02
6.195070121288299561e+02
6.716054040342569351e+02
7.035944418758153915e+02
4.170845493078231812e+02
7.645681967288255692e+02
6.022795642763376236e+02
5.372515399158000946e+02
8.142206597477197647e+02
7.484961967170238495e+02
6.294030019491910934e+02
5.916454999148845673e+02
5.934614543616771698e+02
8.162396799176931381e+02
5.993406137377023697e+02
5.824213167130947113e+02
6.903868332058191299e+02
7.804684088081121445e+02
6.269822394251823425e+02
6.836298859268426895e+02
6.797679440230131149e+02
5.773844731003046036e+02
6.215469437390565872e+02
6.730250329822301865e+02
6.848289932012557983e+02
7.900908463001251221e+02
5.619558766186237335e+02
9.068558673709630966e+02
6.714566833674907684e+02
5.986443707197904587e+02
5.702017368674278259e+02
5.590662867128849030e+02
6.079591328650712967e+02
5.472183877676725388e+02
6.294954084306955338e+02
7.594773224443197250e+02
6.574173264354467392e+02
7.496796077638864517e+02
7.277698049992322922e+02
5.187454854398965836e+02
5.091362629681825638e+02
6.458246966749429703e+02
5.974554313570261002e+02
5.325406612753868103e+02
5.816202288568019867e+02
7.593574355691671371e+02
6.595345665663480759e+02
7.584098532050848007e+02
6.438490483462810516e+02
8.029810788184404373e+02
6.128931935578584671e+02
7.300363607257604599e+02
7.459465317726135254e+02
7.336861698478460312e+02
6.216783486157655716e+02
5.319079429209232330e+02
5.631288186013698578e+02
5.635979732424020767e+02
8.147564561814069748e+02
7.039649561345577240e+02
5.830748693794012070e+02
6.623235237002372742e+02
7.891759184300899506e+02
6.787166572064161301e+02
6.289260164052248001e+02
5.936895970255136490e+02
5.978159685134887695e+02
8.674179831445217133e+02
6.580687016844749451e+02
5.628809853494167328e+02
5.223317368328571320e+02
6.644356596171855927e+02
5.028879779875278473e+02
7.910708651095628738e+02
6.087841235399246216e+02
7.691036954671144485e+02
6.596989497095346451e+02
6.559664089083671570e+02
7.609838946908712387e+02
5.286204091310501099e+02
7.224265994429588318e+02
6.766455798596143723e+02
5.825698819607496262e+02
5.994298147261142731e+02
6.350885491669178009e+02
7.792415181994438171e+02
7.309390934109687805e+02
6.277095979154109955e+02
4.976114364713430405e+02
7.228786208480596542e+02
6.732834885120391846e+02
6.160727353245019913e+02
6.218204757422208786e+02
7.563984504193067551e+02
6.676843653172254562e+02
5.481522628515958786e+02
8.557556240707635880e+02
7.864225963354110718e+02
8.164574702382087708e+02
9.658640662729740143e+02
8.204122269600629807e+02
5.904528257846832275e+02
6.213099393397569656e+02
6.464027680158615112e+02
6.488349049687385559e+02
6.005591135919094086e+02
6.696813300549983978e+02
5.230209365040063858e+02
5.784211233109235764e+02
5.749907094091176987e+02
5.834478701055049896e+02
6.001748639941215515e+02
6.931555318683385849e+02
5.341213638633489609e+02
5.693382727652788162e+02
5.961318082809448242e+02
6.478611554056406021e+02
5.813273706734180450e+02
5.351913930624723434e+02
6.861104439795017242e+02
7.835338308662176132e+02
7.070389858186244965e+02
6.698562413454055786e+02
6.038404378592967987e+02
8.008530806750059128e+02
7.047210405170917511e+02
5.949592380076646805e+02
6.715327882766723633e+02
5.449319539964199066e+02
4.573621065169572830e+02
6.524706564247608185e+02
8.422726070582866669e+02
7.579573322534561157e+02
6.064914185255765915e+02
8.583541519194841385e+02
6.372500586956739426e+02
5.158694087862968445e+02
6.579255501776933670e+02
5.385581799745559692e+02
5.480491547435522079e+02
5.655079081356525421e+02
5.906922134459018707e+02
5.340454170405864716e+02
6.259808002710342407e+02
5.694556067734956741e+02
7.132812060564756393e+02
6.426324269920587540e+02
7.576397934556007385e+02
5.305197736173868179e+02
6.357137470841407776e+02
5.511987399756908417e+02
5.841023000776767731e+02
6.944159626215696335e+02
6.363271754533052444e+02
6.294356309771537781e+02
7.111585165560245514e+02
6.914972287416458130e+02
5.300044256597757339e+02
6.901976416110992432e+02
6.492031172066926956e+02
4.525613250285387039e+02
7.128130140751600266e+02
5.076931699365377426e+02
8.320710008740425110e+02
6.979626753777265549e+02
5.985128078311681747e+02
4.375840544998645782e+02
5.498799720853567123e+02
6.259936347007751465e+02
3.556970162838697433e+02
6.199254675954580307e+02
6.376760389357805252e+02
5.238334459066390991e+02
6.850785762816667557e+02
7.784214134514331818e+02
4.824961410760879517e+02
4.781956790834665298e+02
6.382739123702049255e+02
5.822458054274320602e+02
6.232000517845153809e+02
6.504726173579692841e+02
6.033667146116495132e+02
5.820028487592935562e+02
5.909240394979715347e+02
6.591176113486289978e+02
5.178924072980880737e+02
5.689141792207956314e+02
5.360762102603912354e+02
6.303132642954587936e+02
4.423115998208522797e+02
4.604390340745449066e+02
6.147352528870105743e+02
5.982328008860349655e+02
5.420405807048082352e+02
6.969775821566581726e+02
6.366233077496290207e+02
7.294358263760805130e+02
6.033202657103538513e+02
6.038275264352560043e+02
6.424834448844194412e+02
5.566811213940382004e+02
5.283845750540494919e+02
4.958434330224990845e+02
5.535611834377050400e+02
5.748543199598789215e+02
6.940015125274658203e+02
5.631824298799037933e+02
5.394692382514476776e+02
6.334361706674098969e+02
6.599415973275899887e+02
6.151617169976234436e+02
5.510036337971687317e+02
5.041939754486083984e+02
6.026899162381887436e+02
4.455779609382152557e+02
5.942698902189731598e+02
3.832535133063793182e+02
5.425615678578615189e+02
5.606895030438899994e+02
3.500079994499683380e+02
5.192616282701492310e+02
5.669280774444341660e+02
6.109927197247743607e+02
5.498177572935819626e+02
5.005040138363838196e+02
6.717243006229400635e+02
7.590354256629943848e+02
4.833848371356725693e+02
6.597807569205760956e+02
5.220798030793666840e+02
5.678669633865356445e+02
4.704903153777122498e+02
5.268877159655094147e+02
5.182783110886812210e+02
4.041341754198074341e+02
4.795569842606782913e+02
4.505392415225505829e+02
3.108283724933862686e+02
5.813488853722810745e+02
3.619574998021125793e+02
3.762958956062793732e+02
4.557840177565813065e+02
4.191111829131841660e+02
3.891276061832904816e+02
6.059698663800954819e+02
4.863488369435071945e+02
5.801860524713993073e+02
4.380878287702798843e+02
4.731067282408475876e+02
3.725446201413869858e+02
4.482486106902360916e+02
4.303977200090885162e+02
4.195485848486423492e+02
5.002023503035306931e+02
5.178894951790571213e+02
3.899751312136650085e+02
3.787215251475572586e+02
3.940722331106662750e+02
2.885252326726913452e+02
2.475818075835704803e+02
4.548528432101011276e+02
4.859433159530162811e+02
4.141930563300848007e+02
4.052935040295124054e+02
3.480076417624950409e+02
3.667011169791221619e+02
5.030534926205873489e+02
3.309785566180944443e+02
4.289037992507219315e+02
4.032171850651502609e+02
4.050531782060861588e+02
3.892429477870464325e+02
3.931577536463737488e+02
3.209247158020734787e+02
2.211018124073743820e+02
2.693734425306320190e+02
4.992043253779411316e+02
2.938765114694833755e+02
4.100054498165845871e+02
2.260315931439399719e+02
2.736764901280403137e+02
3.321003990173339844e+02
4.129029221683740616e+02
3.937107138037681580e+02
3.323344516307115555e+02
2.710550555586814880e+02
3.210785699188709259e+02
2.752409695386886597e+02
1.520198517292737961e+02
3.619700971990823746e+02
2.334140654355287552e+02
3.169522562772035599e+02
3.799117623269557953e+02
2.864179820716381073e+02
2.886070899218320847e+02
3.207221564054489136e+02
2.116651470959186554e+02
3.298668037205934525e+02
3.272454897612333298e+02
3.329212725758552551e+02
1.606396186649799347e+02
2.861230923682451248e+02
3.084521047174930573e+02
2.151028960496187210e+02
2.782393444180488586e+02
1.919951853454113007e+02
2.322406613081693649e+02
1.572816571295261383e+02
2.671949426531791687e+02
1.384356423616409302e+02
1.818329297751188278e+02
2.704019007682800293e+02
1.878275112807750702e+02
2.781576783061027527e+02
2.118859594464302063e+02
1.593587508201599121e+02
1.972094776481389999e+02
3.154411910623311996e+02
3.253402255326509476e+02
3.502316226959228516e+02
2.025201685130596161e+02
1.978076032251119614e+02
2.525184499770402908e+02
1.895656409859657288e+02
2.215202476382255554e+02
2.461874238997697830e+02
1.292577233016490936e+02
1.828612920790910721e+02
2.167970595210790634e+02
8.602028858661651611e+01
1.409500961750745773e+02
1.076882839947938919e+02
1.821567020863294601e+02
1.397699422091245651e+02
2.479848159253597260e+02
2.232963485270738602e+02
1.863402790427207947e+02
1.444044573009014130e+02
1.998820137977600098e+02
1.753015622198581696e+02
2.272080835402011871e+02
1.941067960560321808e+02
1.940523687154054642e+02
2.509291234910488129e+02
2.032713870853185654e+02
2.683835795521736145e+02
1.643797452598810196e+02
1.419525961726903915e+02
1.037163088619709015e+02
3.268069864809513092e+01
4.613007168471813202e+01
9.750177578628063202e+01
1.118983202427625656e+02
8.852372039854526520e+01
2.105826997756958008e+02
1.470012694895267487e+02
1.074782824665307999e+02
9.680475589632987976e+01
4.263284002244472504e+01
8.528934377431869507e+01
9.930493277311325073e+01
1.306396515518426895e+02
1.169737260341644287e+02
1.431096962392330170e+02
7.842513455450534821e+01
1.386306249797344208e+02
5.797668020427227020e+01
1.119328140467405319e+02
9.252972528338432312e+01
8.680685335397720337e+01
1.068322242051362991e+02
9.166319088637828827e+01
2.526951135694980621e+01
7.294343411922454834e+01
5.815278337895870209e+01
2.945581351220607758e+01
7.170669312775135040e+01
6.004280270636081696e+01
6.984770327806472778e+01
4.516351863741874695e+01
4.558624187111854553e+01
8.145934006571769714e+01
7.967451229691505432e+01
5.777417141199111938e+01
2.083034005761146545e+01
6.605345654487609863e+01
5.852577848732471466e+01
5.536502620577812195e+01
2.458810210227966309e+01
3.578963795304298401e+01
4.825651699304580688e+01
5.187146762013435364e+01
3.291895997524261475e+01
1.235038420110940933e+02
9.217334434390068054e+00
5.710412061214447021e+01
1.915823532640933990e+01
5.402300564944744110e+01
6.190746434032917023e+01
