8.660000000000000000e+02
1.742000000000000000e+03
1.640000000000000000e+03
1.675000000000000000e+03
1.689000000000000000e+03
1.671000000000000000e+03
1.693000000000000000e+03
1.658000000000000000e+03
1.743000000000000000e+03
1.718000000000000000e+03
1.753000000000000000e+03
1.728000000000000000e+03
1.720000000000000000e+03
1.707000000000000000e+03
1.710000000000000000e+03
1.703000000000000000e+03
1.755000000000000000e+03
1.733000000000000000e+03
1.674000000000000000e+03
1.742000000000000000e+03
1.716000000000000000e+03
1.648000000000000000e+03
1.774000000000000000e+03
1.746000000000000000e+03
1.722000000000000000e+03
1.804000000000000000e+03
1.764000000000000000e+03
1.743000000000000000e+03
1.752000000000000000e+03
1.683000000000000000e+03
1.745000000000000000e+03
1.793000000000000000e+03
1.778000000000000000e+03
1.746000000000000000e+03
1.768000000000000000e+03
1.705000000000000000e+03
1.702000000000000000e+03
1.748000000000000000e+03
1.680000000000000000e+03
1.815000000000000000e+03
1.785000000000000000e+03
1.804000000000000000e+03
1.770000000000000000e+03
1.772000000000000000e+03
1.821000000000000000e+03
1.810000000000000000e+03
1.783000000000000000e+03
1.801000000000000000e+03
1.750000000000000000e+03
1.727000000000000000e+03
1.760000000000000000e+03
1.822000000000000000e+03
1.794000000000000000e+03
1.804000000000000000e+03
1.783000000000000000e+03
1.754000000000000000e+03
1.807000000000000000e+03
1.810000000000000000e+03
1.868000000000000000e+03
1.767000000000000000e+03
1.791000000000000000e+03
1.811000000000000000e+03
1.787000000000000000e+03
1.927000000000000000e+03
1.807000000000000000e+03
1.811000000000000000e+03
1.751000000000000000e+03
1.882000000000000000e+03
1.821000000000000000e+03
1.782000000000000000e+03
1.801000000000000000e+03
1.875000000000000000e+03
1.840000000000000000e+03
1.860000000000000000e+03
1.881000000000000000e+03
1.830000000000000000e+03
1.913000000000000000e+03
1.917000000000000000e+03
1.924000000000000000e+03
1.893000000000000000e+03
1.963000000000000000e+03
1.851000000000000000e+03
1.874000000000000000e+03
1.918000000000000000e+03
1.934000000000000000e+03
1.970000000000000000e+03
1.892000000000000000e+03
1.969000000000000000e+03
1.866000000000000000e+03
1.872000000000000000e+03
1.903000000000000000e+03
1.915000000000000000e+03
1.912000000000000000e+03
1.849000000000000000e+03
1.973000000000000000e+03
1.910000000000000000e+03
1.882000000000000000e+03
2.003000000000000000e+03
1.913000000000000000e+03
1.867000000000000000e+03
1.878000000000000000e+03
1.938000000000000000e+03
1.980000000000000000e+03
1.971000000000000000e+03
1.967000000000000000e+03
1.980000000000000000e+03
2.011000000000000000e+03
2.049000000000000000e+03
1.945000000000000000e+03
2.026000000000000000e+03
1.947000000000000000e+03
2.039000000000000000e+03
2.043000000000000000e+03
1.965000000000000000e+03
2.037000000000000000e+03
2.006000000000000000e+03
2.024000000000000000e+03
2.013000000000000000e+03
2.020000000000000000e+03
2.035000000000000000e+03
1.982000000000000000e+03
2.040000000000000000e+03
2.003000000000000000e+03
1.999000000000000000e+03
2.012000000000000000e+03
2.089000000000000000e+03
2.026000000000000000e+03
2.069000000000000000e+03
2.101000000000000000e+03
1.978000000000000000e+03
2.059000000000000000e+03
2.021000000000000000e+03
2.107000000000000000e+03
2.051000000000000000e+03
2.065000000000000000e+03
1.947000000000000000e+03
2.088000000000000000e+03
2.177000000000000000e+03
2.063000000000000000e+03
2.203000000000000000e+03
2.115000000000000000e+03
2.166000000000000000e+03
2.127000000000000000e+03
2.061000000000000000e+03
2.077000000000000000e+03
2.144000000000000000e+03
2.078000000000000000e+03
2.107000000000000000e+03
2.177000000000000000e+03
2.111000000000000000e+03
2.160000000000000000e+03
2.029000000000000000e+03
2.115000000000000000e+03
2.131000000000000000e+03
2.068000000000000000e+03
2.105000000000000000e+03
2.120000000000000000e+03
2.076000000000000000e+03
2.109000000000000000e+03
2.165000000000000000e+03
2.218000000000000000e+03
2.119000000000000000e+03
2.140000000000000000e+03
2.131000000000000000e+03
2.111000000000000000e+03
2.277000000000000000e+03
2.200000000000000000e+03
2.158000000000000000e+03
2.153000000000000000e+03
2.182000000000000000e+03
2.263000000000000000e+03
2.220000000000000000e+03
2.219000000000000000e+03
2.247000000000000000e+03
2.232000000000000000e+03
2.140000000000000000e+03
2.133000000000000000e+03
2.222000000000000000e+03
2.259000000000000000e+03
2.154000000000000000e+03
2.219000000000000000e+03
2.248000000000000000e+03
2.228000000000000000e+03
2.274000000000000000e+03
2.410000000000000000e+03
2.289000000000000000e+03
2.134000000000000000e+03
2.297000000000000000e+03
2.312000000000000000e+03
2.250000000000000000e+03
2.248000000000000000e+03
2.259000000000000000e+03
2.288000000000000000e+03
2.305000000000000000e+03
2.264000000000000000e+03
2.306000000000000000e+03
2.237000000000000000e+03
2.365000000000000000e+03
2.312000000000000000e+03
2.320000000000000000e+03
2.315000000000000000e+03
2.401000000000000000e+03
2.380000000000000000e+03
2.315000000000000000e+03
2.324000000000000000e+03
2.286000000000000000e+03
2.342000000000000000e+03
2.460000000000000000e+03
2.349000000000000000e+03
2.304000000000000000e+03
2.401000000000000000e+03
2.335000000000000000e+03
2.489000000000000000e+03
2.455000000000000000e+03
2.378000000000000000e+03
2.420000000000000000e+03
2.343000000000000000e+03
2.391000000000000000e+03
2.406000000000000000e+03
2.427000000000000000e+03
2.392000000000000000e+03
2.473000000000000000e+03
2.474000000000000000e+03
2.428000000000000000e+03
2.437000000000000000e+03
2.417000000000000000e+03
2.485000000000000000e+03
2.472000000000000000e+03
2.442000000000000000e+03
2.497000000000000000e+03
2.456000000000000000e+03
2.477000000000000000e+03
2.472000000000000000e+03
2.446000000000000000e+03
2.532000000000000000e+03
2.490000000000000000e+03
2.420000000000000000e+03
2.519000000000000000e+03
2.510000000000000000e+03
2.539000000000000000e+03
2.576000000000000000e+03
2.622000000000000000e+03
2.492000000000000000e+03
2.564000000000000000e+03
2.523000000000000000e+03
2.571000000000000000e+03
2.527000000000000000e+03
2.475000000000000000e+03
2.624000000000000000e+03
2.557000000000000000e+03
2.617000000000000000e+03
2.607000000000000000e+03
2.583000000000000000e+03
2.663000000000000000e+03
2.513000000000000000e+03
2.630000000000000000e+03
2.641000000000000000e+03
2.661000000000000000e+03
2.584000000000000000e+03
2.572000000000000000e+03
2.617000000000000000e+03
2.638000000000000000e+03
2.608000000000000000e+03
2.688000000000000000e+03
2.748000000000000000e+03
2.688000000000000000e+03
2.683000000000000000e+03
2.727000000000000000e+03
2.762000000000000000e+03
2.697000000000000000e+03
2.735000000000000000e+03
2.723000000000000000e+03
2.656000000000000000e+03
2.694000000000000000e+03
2.643000000000000000e+03
2.648000000000000000e+03
2.719000000000000000e+03
2.805000000000000000e+03
2.866000000000000000e+03
2.734000000000000000e+03
2.817000000000000000e+03
2.825000000000000000e+03
2.783000000000000000e+03
2.774000000000000000e+03
2.824000000000000000e+03
2.810000000000000000e+03
2.739000000000000000e+03
2.823000000000000000e+03
2.800000000000000000e+03
2.842000000000000000e+03
2.840000000000000000e+03
2.788000000000000000e+03
2.852000000000000000e+03
2.947000000000000000e+03
2.834000000000000000e+03
2.926000000000000000e+03
2.972000000000000000e+03
2.858000000000000000e+03
2.893000000000000000e+03
2.842000000000000000e+03
2.930000000000000000e+03
3.068000000000000000e+03
2.886000000000000000e+03
2.965000000000000000e+03
2.969000000000000000e+03
2.968000000000000000e+03
2.984000000000000000e+03
2.942000000000000000e+03
2.919000000000000000e+03
2.958000000000000000e+03
2.979000000000000000e+03
3.100000000000000000e+03
2.922000000000000000e+03
3.011000000000000000e+03
3.078000000000000000e+03
2.986000000000000000e+03
3.108000000000000000e+03
3.070000000000000000e+03
2.988000000000000000e+03
3.132000000000000000e+03
3.043000000000000000e+03
3.154000000000000000e+03
3.059000000000000000e+03
3.097000000000000000e+03
3.112000000000000000e+03
3.195000000000000000e+03
3.168000000000000000e+03
3.133000000000000000e+03
3.129000000000000000e+03
3.179000000000000000e+03
3.114000000000000000e+03
3.244000000000000000e+03
3.264000000000000000e+03
3.155000000000000000e+03
3.161000000000000000e+03
3.162000000000000000e+03
3.248000000000000000e+03
3.312000000000000000e+03
3.176000000000000000e+03
3.192000000000000000e+03
3.236000000000000000e+03
3.212000000000000000e+03
3.263000000000000000e+03
3.251000000000000000e+03
3.308000000000000000e+03
3.319000000000000000e+03
3.435000000000000000e+03
3.345000000000000000e+03
3.356000000000000000e+03
3.420000000000000000e+03
3.424000000000000000e+03
3.357000000000000000e+03
3.354000000000000000e+03
3.436000000000000000e+03
3.475000000000000000e+03
3.428000000000000000e+03
3.511000000000000000e+03
3.417000000000000000e+03
3.417000000000000000e+03
3.515000000000000000e+03
3.407000000000000000e+03
3.561000000000000000e+03
3.504000000000000000e+03
3.557000000000000000e+03
3.600000000000000000e+03
3.609000000000000000e+03
3.645000000000000000e+03
3.586000000000000000e+03
3.674000000000000000e+03
3.619000000000000000e+03
3.586000000000000000e+03
3.648000000000000000e+03
3.717000000000000000e+03
3.773000000000000000e+03
3.684000000000000000e+03
3.720000000000000000e+03
3.725000000000000000e+03
3.739000000000000000e+03
3.682000000000000000e+03
3.726000000000000000e+03
3.671000000000000000e+03
3.809000000000000000e+03
3.909000000000000000e+03
3.755000000000000000e+03
3.835000000000000000e+03
3.831000000000000000e+03
3.889000000000000000e+03
3.928000000000000000e+03
3.951000000000000000e+03
3.853000000000000000e+03
3.943000000000000000e+03
3.874000000000000000e+03
3.795000000000000000e+03
4.029000000000000000e+03
4.010000000000000000e+03
3.983000000000000000e+03
4.105000000000000000e+03
3.989000000000000000e+03
4.022000000000000000e+03
4.035000000000000000e+03
4.086000000000000000e+03
4.033000000000000000e+03
4.173000000000000000e+03
4.078000000000000000e+03
4.058000000000000000e+03
4.083000000000000000e+03
4.164000000000000000e+03
4.133000000000000000e+03
4.146000000000000000e+03
4.091000000000000000e+03
4.236000000000000000e+03
4.309000000000000000e+03
4.183000000000000000e+03
4.336000000000000000e+03
4.321000000000000000e+03
4.370000000000000000e+03
4.339000000000000000e+03
4.494000000000000000e+03
4.405000000000000000e+03
4.653000000000000000e+03
4.453000000000000000e+03
4.409000000000000000e+03
4.474000000000000000e+03
4.484000000000000000e+03
4.502000000000000000e+03
4.579000000000000000e+03
4.670000000000000000e+03
4.574000000000000000e+03
4.554000000000000000e+03
4.546000000000000000e+03
4.640000000000000000e+03
4.686000000000000000e+03
4.787000000000000000e+03
4.657000000000000000e+03
4.692000000000000000e+03
4.830000000000000000e+03
4.854000000000000000e+03
4.787000000000000000e+03
4.765000000000000000e+03
4.900000000000000000e+03
4.786000000000000000e+03
4.853000000000000000e+03
4.962000000000000000e+03
4.979000000000000000e+03
5.010000000000000000e+03
5.027000000000000000e+03
4.982000000000000000e+03
5.053000000000000000e+03
5.071000000000000000e+03
4.996000000000000000e+03
5.156000000000000000e+03
5.041000000000000000e+03
5.210000000000000000e+03
5.373000000000000000e+03
5.182000000000000000e+03
5.385000000000000000e+03
5.343000000000000000e+03
5.288000000000000000e+03
5.342000000000000000e+03
5.303000000000000000e+03
5.478000000000000000e+03
5.465000000000000000e+03
5.614000000000000000e+03
5.421000000000000000e+03
5.458000000000000000e+03
5.614000000000000000e+03
5.450000000000000000e+03
5.585000000000000000e+03
5.472000000000000000e+03
5.599000000000000000e+03
5.657000000000000000e+03
5.695000000000000000e+03
5.678000000000000000e+03
5.776000000000000000e+03
5.842000000000000000e+03
5.853000000000000000e+03
5.942000000000000000e+03
5.761000000000000000e+03
5.940000000000000000e+03
6.026000000000000000e+03
5.962000000000000000e+03
6.103000000000000000e+03
6.136000000000000000e+03
6.104000000000000000e+03
6.115000000000000000e+03
6.204000000000000000e+03
6.175000000000000000e+03
6.283000000000000000e+03
6.237000000000000000e+03
6.308000000000000000e+03
6.365000000000000000e+03
6.368000000000000000e+03
6.356000000000000000e+03
6.496000000000000000e+03
6.552000000000000000e+03
6.524000000000000000e+03
6.626000000000000000e+03
6.748000000000000000e+03
6.584000000000000000e+03
6.563000000000000000e+03
6.581000000000000000e+03
6.727000000000000000e+03
6.756000000000000000e+03
6.818000000000000000e+03
6.737000000000000000e+03
6.821000000000000000e+03
6.908000000000000000e+03
7.086000000000000000e+03
7.209000000000000000e+03
7.019000000000000000e+03
7.037000000000000000e+03
7.038000000000000000e+03
7.124000000000000000e+03
7.179000000000000000e+03
7.238000000000000000e+03
7.215000000000000000e+03
7.420000000000000000e+03
7.294000000000000000e+03
7.203000000000000000e+03
7.410000000000000000e+03
7.544000000000000000e+03
7.368000000000000000e+03
7.375000000000000000e+03
7.589000000000000000e+03
7.655000000000000000e+03
7.448000000000000000e+03
7.705000000000000000e+03
7.637000000000000000e+03
7.712000000000000000e+03
7.666000000000000000e+03
7.674000000000000000e+03
7.818000000000000000e+03
7.811000000000000000e+03
7.915000000000000000e+03
7.844000000000000000e+03
8.213000000000000000e+03
7.977000000000000000e+03
8.072000000000000000e+03
7.888000000000000000e+03
8.013000000000000000e+03
8.130000000000000000e+03
8.355000000000000000e+03
8.133000000000000000e+03
8.150000000000000000e+03
8.166000000000000000e+03
8.143000000000000000e+03
8.131000000000000000e+03
8.216000000000000000e+03
8.321000000000000000e+03
8.366000000000000000e+03
8.354000000000000000e+03
8.317000000000000000e+03
8.425000000000000000e+03
8.392000000000000000e+03
8.479000000000000000e+03
8.511000000000000000e+03
8.449000000000000000e+03
8.635000000000000000e+03
8.588000000000000000e+03
8.411000000000000000e+03
8.621000000000000000e+03
8.628000000000000000e+03
8.571000000000000000e+03
8.491000000000000000e+03
8.590000000000000000e+03
8.518000000000000000e+03
8.656000000000000000e+03
8.754000000000000000e+03
8.832000000000000000e+03
8.694000000000000000e+03
8.726000000000000000e+03
8.677000000000000000e+03
8.832000000000000000e+03
8.713000000000000000e+03
8.708000000000000000e+03
8.912000000000000000e+03
8.765000000000000000e+03
8.817000000000000000e+03
8.829000000000000000e+03
8.947000000000000000e+03
8.675000000000000000e+03
8.910000000000000000e+03
8.828000000000000000e+03
8.853000000000000000e+03
8.816000000000000000e+03
8.799000000000000000e+03
8.825000000000000000e+03
8.855000000000000000e+03
8.907000000000000000e+03
8.904000000000000000e+03
8.753000000000000000e+03
8.905000000000000000e+03
9.053000000000000000e+03
8.953000000000000000e+03
8.954000000000000000e+03
8.917000000000000000e+03
9.043000000000000000e+03
8.991000000000000000e+03
9.018000000000000000e+03
9.018000000000000000e+03
9.069000000000000000e+03
8.956000000000000000e+03
8.920000000000000000e+03
9.181000000000000000e+03
9.146000000000000000e+03
9.156000000000000000e+03
9.061000000000000000e+03
8.928000000000000000e+03
9.125000000000000000e+03
8.910000000000000000e+03
9.116000000000000000e+03
9.131000000000000000e+03
9.150000000000000000e+03
9.150000000000000000e+03
9.012000000000000000e+03
9.293000000000000000e+03
9.079000000000000000e+03
9.239000000000000000e+03
9.240000000000000000e+03
9.263000000000000000e+03
9.292000000000000000e+03
9.229000000000000000e+03
9.109000000000000000e+03
9.157000000000000000e+03
9.271000000000000000e+03
9.247000000000000000e+03
9.100000000000000000e+03
9.371000000000000000e+03
9.333000000000000000e+03
9.499000000000000000e+03
9.141000000000000000e+03
9.286000000000000000e+03
9.490000000000000000e+03
9.283000000000000000e+03
9.346000000000000000e+03
9.355000000000000000e+03
9.267000000000000000e+03
9.469000000000000000e+03
9.273000000000000000e+03
9.512000000000000000e+03
9.575000000000000000e+03
9.317000000000000000e+03
9.411000000000000000e+03
9.536000000000000000e+03
9.673000000000000000e+03
9.558000000000000000e+03
9.481000000000000000e+03
9.564000000000000000e+03
9.558000000000000000e+03
9.709000000000000000e+03
9.698000000000000000e+03
9.713000000000000000e+03
9.554000000000000000e+03
9.634000000000000000e+03
9.583000000000000000e+03
9.537000000000000000e+03
9.452000000000000000e+03
9.652000000000000000e+03
9.750000000000000000e+03
9.578000000000000000e+03
9.781000000000000000e+03
9.726000000000000000e+03
9.744000000000000000e+03
9.793000000000000000e+03
9.557000000000000000e+03
9.679000000000000000e+03
9.581000000000000000e+03
9.698000000000000000e+03
9.669000000000000000e+03
9.784000000000000000e+03
9.709000000000000000e+03
1.004000000000000000e+04
9.979000000000000000e+03
9.849000000000000000e+03
9.957000000000000000e+03
9.830000000000000000e+03
9.611000000000000000e+03
9.974000000000000000e+03
9.964000000000000000e+03
9.934000000000000000e+03
9.825000000000000000e+03
9.624000000000000000e+03
9.936000000000000000e+03
9.900000000000000000e+03
9.858000000000000000e+03
9.917000000000000000e+03
9.710000000000000000e+03
1.020600000000000000e+04
1.001700000000000000e+04
1.000600000000000000e+04
9.826000000000000000e+03
1.014800000000000000e+04
9.990000000000000000e+03
1.000700000000000000e+04
1.008600000000000000e+04
1.011500000000000000e+04
1.004900000000000000e+04
1.023800000000000000e+04
1.021700000000000000e+04
1.007800000000000000e+04
1.002700000000000000e+04
1.028200000000000000e+04
1.025800000000000000e+04
1.023200000000000000e+04
1.000200000000000000e+04
1.010100000000000000e+04
1.011700000000000000e+04
1.004900000000000000e+04
1.030400000000000000e+04
1.018200000000000000e+04
1.029400000000000000e+04
1.031200000000000000e+04
1.026800000000000000e+04
1.039000000000000000e+04
1.033200000000000000e+04
1.034500000000000000e+04
1.049600000000000000e+04
1.037100000000000000e+04
1.052600000000000000e+04
1.050500000000000000e+04
1.029600000000000000e+04
1.055600000000000000e+04
1.031900000000000000e+04
1.079100000000000000e+04
1.065000000000000000e+04
1.025200000000000000e+04
1.028400000000000000e+04
1.045700000000000000e+04
1.046200000000000000e+04
1.022300000000000000e+04
1.036100000000000000e+04
1.036100000000000000e+04
1.040300000000000000e+04
1.022400000000000000e+04
1.034900000000000000e+04
1.038500000000000000e+04
1.032900000000000000e+04
1.046200000000000000e+04
1.041400000000000000e+04
1.028600000000000000e+04
1.037500000000000000e+04
1.041600000000000000e+04
1.051100000000000000e+04
1.041800000000000000e+04
1.039100000000000000e+04
1.028700000000000000e+04
1.055900000000000000e+04
1.043400000000000000e+04
1.017000000000000000e+04
1.036300000000000000e+04
1.030600000000000000e+04
1.035100000000000000e+04
1.030500000000000000e+04
1.023600000000000000e+04
1.034300000000000000e+04
1.026300000000000000e+04
1.019800000000000000e+04
1.015400000000000000e+04
1.025700000000000000e+04
1.020600000000000000e+04
1.019900000000000000e+04
1.009800000000000000e+04
1.020900000000000000e+04
9.993000000000000000e+03
1.017600000000000000e+04
1.006100000000000000e+04
1.010100000000000000e+04
9.952000000000000000e+03
9.926000000000000000e+03
9.988000000000000000e+03
1.023100000000000000e+04
9.959000000000000000e+03
1.003800000000000000e+04
9.709000000000000000e+03
9.980000000000000000e+03
9.831000000000000000e+03
9.824000000000000000e+03
9.647000000000000000e+03
9.860000000000000000e+03
9.685000000000000000e+03
9.814000000000000000e+03
9.772000000000000000e+03
9.699000000000000000e+03
9.726000000000000000e+03
9.710000000000000000e+03
9.682000000000000000e+03
9.733000000000000000e+03
9.630000000000000000e+03
9.684000000000000000e+03
9.615000000000000000e+03
9.561000000000000000e+03
9.680000000000000000e+03
9.516000000000000000e+03
9.506000000000000000e+03
9.636000000000000000e+03
9.532000000000000000e+03
9.492000000000000000e+03
9.557000000000000000e+03
9.557000000000000000e+03
9.383000000000000000e+03
9.354000000000000000e+03
9.231000000000000000e+03
9.504000000000000000e+03
9.414000000000000000e+03
9.291000000000000000e+03
9.369000000000000000e+03
9.359000000000000000e+03
9.103000000000000000e+03
9.485000000000000000e+03
9.379000000000000000e+03
9.361000000000000000e+03
9.163000000000000000e+03
9.095000000000000000e+03
9.050000000000000000e+03
9.147000000000000000e+03
9.169000000000000000e+03
8.989000000000000000e+03
8.971000000000000000e+03
9.154000000000000000e+03
8.999000000000000000e+03
9.064000000000000000e+03
9.013000000000000000e+03
9.172000000000000000e+03
8.967000000000000000e+03
9.078000000000000000e+03
8.866000000000000000e+03
9.065000000000000000e+03
9.038000000000000000e+03
8.897000000000000000e+03
8.802000000000000000e+03
8.867000000000000000e+03
8.930000000000000000e+03
8.751000000000000000e+03
9.001000000000000000e+03
8.937000000000000000e+03
8.913000000000000000e+03
8.753000000000000000e+03
8.842000000000000000e+03
8.657000000000000000e+03
8.782000000000000000e+03
8.800000000000000000e+03
8.680000000000000000e+03
8.659000000000000000e+03
8.805000000000000000e+03
8.775000000000000000e+03
8.674000000000000000e+03
8.683000000000000000e+03
8.594000000000000000e+03
8.721000000000000000e+03
8.513000000000000000e+03
8.578000000000000000e+03
8.614000000000000000e+03
8.559000000000000000e+03
8.582000000000000000e+03
8.355000000000000000e+03
8.562000000000000000e+03
8.410000000000000000e+03
8.559000000000000000e+03
8.678000000000000000e+03
8.528000000000000000e+03
8.360000000000000000e+03
8.355000000000000000e+03
8.553000000000000000e+03
8.404000000000000000e+03
8.472000000000000000e+03
8.544000000000000000e+03
8.424000000000000000e+03
8.352000000000000000e+03
8.413000000000000000e+03
8.366000000000000000e+03
8.398000000000000000e+03
8.229000000000000000e+03
8.369000000000000000e+03
8.151000000000000000e+03
8.380000000000000000e+03
8.106000000000000000e+03
8.236000000000000000e+03
8.166000000000000000e+03
8.318000000000000000e+03
8.260000000000000000e+03
8.210000000000000000e+03
8.369000000000000000e+03
8.187000000000000000e+03
8.069000000000000000e+03
8.012000000000000000e+03
8.007000000000000000e+03
8.023000000000000000e+03
8.004000000000000000e+03
8.251000000000000000e+03
8.231000000000000000e+03
8.049000000000000000e+03
8.085000000000000000e+03
7.905000000000000000e+03
8.074000000000000000e+03
8.038000000000000000e+03
8.053000000000000000e+03
7.962000000000000000e+03
7.947000000000000000e+03
7.877000000000000000e+03
7.976000000000000000e+03
7.943000000000000000e+03
8.081000000000000000e+03
7.982000000000000000e+03
7.828000000000000000e+03
7.930000000000000000e+03
7.837000000000000000e+03
7.899000000000000000e+03
7.901000000000000000e+03
7.833000000000000000e+03
7.863000000000000000e+03
7.752000000000000000e+03
7.751000000000000000e+03
7.767000000000000000e+03
7.844000000000000000e+03
7.671000000000000000e+03
7.802000000000000000e+03
7.654000000000000000e+03
7.759000000000000000e+03
7.843000000000000000e+03
7.861000000000000000e+03
7.844000000000000000e+03
7.713000000000000000e+03
7.595000000000000000e+03
7.708000000000000000e+03
7.557000000000000000e+03
7.584000000000000000e+03
7.703000000000000000e+03
7.738000000000000000e+03
7.666000000000000000e+03
7.593000000000000000e+03
7.668000000000000000e+03
7.513000000000000000e+03
7.494000000000000000e+03
7.482000000000000000e+03
7.597000000000000000e+03
7.508000000000000000e+03
7.650000000000000000e+03
7.348000000000000000e+03
7.562000000000000000e+03
7.630000000000000000e+03
7.425000000000000000e+03
7.409000000000000000e+03
7.432000000000000000e+03
7.309000000000000000e+03
7.461000000000000000e+03
7.596000000000000000e+03
7.430000000000000000e+03
7.424000000000000000e+03
7.436000000000000000e+03
7.403000000000000000e+03
7.422000000000000000e+03
7.238000000000000000e+03
7.369000000000000000e+03
7.592000000000000000e+03
7.336000000000000000e+03
7.315000000000000000e+03
7.296000000000000000e+03
7.362000000000000000e+03
7.312000000000000000e+03
7.327000000000000000e+03
7.378000000000000000e+03
7.184000000000000000e+03
7.241000000000000000e+03
7.233000000000000000e+03
7.163000000000000000e+03
7.066000000000000000e+03
7.245000000000000000e+03
7.155000000000000000e+03
7.319000000000000000e+03
7.042000000000000000e+03
7.081000000000000000e+03
7.073000000000000000e+03
7.105000000000000000e+03
7.147000000000000000e+03
7.189000000000000000e+03
7.015000000000000000e+03
7.083000000000000000e+03
7.065000000000000000e+03
7.141000000000000000e+03
7.079000000000000000e+03
7.077000000000000000e+03
7.103000000000000000e+03
7.003000000000000000e+03
6.866000000000000000e+03
6.888000000000000000e+03
7.065000000000000000e+03
6.880000000000000000e+03
6.887000000000000000e+03
6.960000000000000000e+03
6.902000000000000000e+03
6.851000000000000000e+03
6.905000000000000000e+03
6.862000000000000000e+03
6.911000000000000000e+03
7.077000000000000000e+03
6.842000000000000000e+03
6.933000000000000000e+03
6.877000000000000000e+03
