1.538277391368145436e+04
3.115966238625699771e+04
2.918638431037734699e+04
2.994137085176454275e+04
3.023327267862632289e+04
2.996588782237938722e+04
3.018545123321181745e+04
2.988474717125779716e+04
3.116431533628160832e+04
3.076982668840847327e+04
3.122647824990696972e+04
3.103014053010498174e+04
3.077843495536118280e+04
3.072176484520680970e+04
3.079232100417627953e+04
3.004457328124059131e+04
3.149190041367249796e+04
3.086176632981409784e+04
2.966105269201355986e+04
3.093248513558390550e+04
3.052467845368955750e+04
2.931497070110240020e+04
3.172024894362478517e+04
3.094213064074434806e+04
3.106733280177856795e+04
3.187574984934041277e+04
3.142009458704444114e+04
3.099799084948655218e+04
3.127854531401849817e+04
2.987185857693932485e+04
3.091288732163247187e+04
3.224641661041008774e+04
3.146852608640794642e+04
3.119854757209541276e+04
3.156450848995440174e+04
3.042845584927755408e+04
3.056171832113410346e+04
3.140015412868047133e+04
2.988546672434732318e+04
3.202134356892271899e+04
3.176328238568571396e+04
3.213100997818540782e+04
3.191667740392871201e+04
3.155854761930787936e+04
3.229157423217734322e+04
3.230774174642493017e+04
3.201959142757696100e+04
3.194174345674645156e+04
3.148040485204895958e+04
3.070647855776594952e+04
3.117507889499166049e+04
3.241451790318544954e+04
3.174365360451559536e+04
3.199910384127218276e+04
3.159544309423398226e+04
3.117916485594445840e+04
3.196358265917981043e+04
3.213977400029730052e+04
3.310288536390988156e+04
3.143439300950639881e+04
3.195031292905239388e+04
3.213658048857562244e+04
3.153521478081517853e+04
3.451692289590416476e+04
3.212697259848262183e+04
3.222912353274994530e+04
3.136560019119735807e+04
3.352115955708222464e+04
3.240646969586610794e+04
3.195590840150834993e+04
3.176321967067103833e+04
3.323717586779920384e+04
3.284490202617458999e+04
3.296490017480775714e+04
3.334893919346202165e+04
3.231257071096310392e+04
3.373193247953429818e+04
3.392133742933953181e+04
3.441567099920427427e+04
3.353774320329399779e+04
3.497965068190079182e+04
3.290269598076166585e+04
3.313230468681035563e+04
3.376365357339615002e+04
3.416488251227932051e+04
3.532861168789397925e+04
3.345461379124084488e+04
3.493119977873051539e+04
3.321629883806919679e+04
3.327164509941963479e+04
3.368849728826619685e+04
3.432402663530316204e+04
3.404591404809290543e+04
3.265431559293251485e+04
3.495416793751297519e+04
3.411233324296865612e+04
3.364422055010963231e+04
3.535694643296580762e+04
3.402702322569768876e+04
3.342214695540629327e+04
3.331214979283744469e+04
3.452724988330900669e+04
3.509217642532708123e+04
3.487514879105426371e+04
3.491297624386707321e+04
3.521519181837653741e+04
3.503715398421697319e+04
3.652128745980001986e+04
3.443169189738063142e+04
3.565559419626370072e+04
3.470521092302165926e+04
3.617832832446601242e+04
3.637950030284421518e+04
3.461582260009180754e+04
3.598767098528333008e+04
3.556006775931408629e+04
3.570347602531826124e+04
3.547798268254101276e+04
3.589899225893151015e+04
3.636011897560488433e+04
3.486951632916461676e+04
3.637813346212264150e+04
3.546959319995623082e+04
3.518560073815984651e+04
3.569070895570423454e+04
3.675711611944250762e+04
3.601936994912382215e+04
3.653398450463451445e+04
3.730367643931461498e+04
3.523784165096469223e+04
3.629576542996149510e+04
3.586745643036253750e+04
3.727300093060918152e+04
3.657099091206770390e+04
3.644455190607439727e+04
3.460446529771666974e+04
3.696214001771062613e+04
3.861163784378301352e+04
3.631545124880038202e+04
3.922890218583401293e+04
3.761472550023905933e+04
3.852595137240551412e+04
3.756143856206629425e+04
3.652441427324339747e+04
3.661363433035835624e+04
3.789188015904091299e+04
3.679251664280425757e+04
3.720008853975497186e+04
3.854672462781704962e+04
3.752538431060034782e+04
3.811228302747104317e+04
3.605540320177562535e+04
3.723150026844721287e+04
3.769265054602455348e+04
3.622544946017581969e+04
3.747604273190163076e+04
3.751219777958374470e+04
3.646275355254765600e+04
3.755616424851678312e+04
3.828916790659353137e+04
3.938554759248159826e+04
3.737896059418004006e+04
3.761244503453839570e+04
3.747729697122331709e+04
3.747406294887699187e+04
4.015879067249409854e+04
3.903824713761638850e+04
3.820283767595235258e+04
3.783238309477455914e+04
3.905112414059974253e+04
4.008763767220731825e+04
3.868662396515347064e+04
3.915432041349913925e+04
3.966725274201389402e+04
3.942956172842439264e+04
3.810084700693003833e+04
3.733944094058126211e+04
3.940281035803537816e+04
3.984962436444591731e+04
3.831161082536634058e+04
3.908986886117421091e+04
4.008127697009965777e+04
3.966612752213794738e+04
4.012290815796051174e+04
4.237296245218161494e+04
4.009422964743990451e+04
3.734752086346875876e+04
4.048175644807983190e+04
4.089946846592705697e+04
3.950919682910107076e+04
3.972717717154510319e+04
3.984436246080417186e+04
4.002047380946669728e+04
4.021642646613996476e+04
3.988295685291010886e+04
4.057716519656870514e+04
3.930845108357910067e+04
4.195365201053302735e+04
4.087378060684632510e+04
4.066387638688925654e+04
4.063002989079616964e+04
4.230576458693668246e+04
4.202709414622280747e+04
4.043183831039443612e+04
4.101401122719142586e+04
4.004236016092356294e+04
4.098881266727112234e+04
4.369732031244412065e+04
4.122739423571806401e+04
4.056889487077761441e+04
4.222099072234984487e+04
4.115966986374557018e+04
4.343001150878425688e+04
4.298515041359048337e+04
4.150057762612309307e+04
4.252391252938378602e+04
4.113956939069833606e+04
4.178694215121492743e+04
4.188703765018656850e+04
4.218013561367616057e+04
4.202767424438893795e+04
4.344363817462604493e+04
4.362068456015828997e+04
4.332526036959700286e+04
4.298637610576301813e+04
4.223062368107959628e+04
4.371709661978296936e+04
4.300397408615611494e+04
4.266658643808774650e+04
4.365241276803426445e+04
4.335378788459952921e+04
4.338219758086558431e+04
4.341209320011641830e+04
4.264703874752018601e+04
4.434528045500814915e+04
4.359119186850450933e+04
4.242966154734417796e+04
4.376830296901427209e+04
4.347789292825385928e+04
4.460694313364289701e+04
4.510800934420339763e+04
4.572153746634349227e+04
4.372252629793435335e+04
4.515188895763084292e+04
4.401927362442947924e+04
4.480469430955126882e+04
4.422571201927214861e+04
4.364255961500294507e+04
4.569344337409548461e+04
4.507135852894559503e+04
4.597360133595019579e+04
4.588576280738599598e+04
4.507508772362582386e+04
4.646612018052674830e+04
4.412978605143725872e+04
4.642931728879921138e+04
4.626304716835729778e+04
4.645646524389646947e+04
4.506932918416522443e+04
4.482781150047108531e+04
4.550960888361558318e+04
4.622554639500565827e+04
4.590847993488237262e+04
4.734796205661818385e+04
4.814681607155315578e+04
4.686911722193658352e+04
4.716302195405960083e+04
4.768859547157771885e+04
4.824258783248253167e+04
4.710258019749820232e+04
4.788430609188415110e+04
4.771891204141452909e+04
4.665260459882020950e+04
4.732525447784923017e+04
4.591107888117432594e+04
4.619056933207064867e+04
4.734268095833435655e+04
4.924274621827155352e+04
5.023817805339209735e+04
4.798540341142751276e+04
4.925260594843514264e+04
4.891031406567059457e+04
4.886919686824642122e+04
4.903584320329502225e+04
4.902523917045630515e+04
4.923312426993809640e+04
4.782369476540386677e+04
4.933606731700338423e+04
4.861208815292268991e+04
4.970615354484319687e+04
4.966577338907308877e+04
4.893635361273773015e+04
5.008876081639342010e+04
5.198271213971823454e+04
4.992077759411558509e+04
5.117995996190235019e+04
5.129933994969911873e+04
4.983474696267396212e+04
5.071816217880509794e+04
4.983025090028531849e+04
5.141084228515438735e+04
5.380129252148978412e+04
5.026503220667317510e+04
5.191279185334406793e+04
5.156056605648063123e+04
5.199067558129131794e+04
5.182893675331212580e+04
5.120728093789331615e+04
5.133083977327123284e+04
5.184398426870629191e+04
5.187790796915814281e+04
5.414439850483462214e+04
5.084982115389220417e+04
5.223660849795117974e+04
5.382017986200004816e+04
5.212562715931981802e+04
5.413851326592639089e+04
5.346092026409879327e+04
5.234588206688128412e+04
5.448243215504661202e+04
5.326991623168252409e+04
5.495267578241974115e+04
5.317011876788362861e+04
5.365699659119173884e+04
5.480347188541851938e+04
5.558090091070905328e+04
5.466648025567270815e+04
5.479713884500786662e+04
5.483484011287987232e+04
5.537368423953279853e+04
5.423338419562019408e+04
5.672894077384285629e+04
5.699619783099368215e+04
5.498688814075663686e+04
5.502364012217149138e+04
5.461428441791422665e+04
5.670259449972584844e+04
5.754424309255741537e+04
5.547377222359925508e+04
5.545210533862560987e+04
5.597675980297848582e+04
5.573269357080943882e+04
5.689922040765546262e+04
5.690724396740645170e+04
5.748703859242238104e+04
5.740542653143033385e+04
6.003433954473212361e+04
5.806686968547850847e+04
5.811161083462834358e+04
5.987721865545772016e+04
5.938391908617876470e+04
5.833585944723337889e+04
5.885954742988571525e+04
6.009465967724658549e+04
6.039247965531237423e+04
5.961234243181720376e+04
6.087331869872659445e+04
5.933227870433405042e+04
5.945231233294121921e+04
6.091426753002591431e+04
5.900995831444114447e+04
6.227450721855834126e+04
6.083814847676828504e+04
6.163572068461216986e+04
6.272487627005577087e+04
6.220944346136227250e+04
6.356501241077855229e+04
6.261754640444368124e+04
6.377985347667708993e+04
6.291265012252889574e+04
6.232363839967921376e+04
6.365038667817786336e+04
6.462460317880660295e+04
6.526900635273754597e+04
6.386621605169959366e+04
6.491110500282421708e+04
6.428238860903680325e+04
6.522149223982729018e+04
6.417870443486981094e+04
6.495680471130460501e+04
6.391020554230362177e+04
6.617752959595993161e+04
6.779357465356588364e+04
6.538741003575921059e+04
6.682154494710825384e+04
6.632273436353541911e+04
6.748691606354713440e+04
6.835901844098605216e+04
6.814329231672361493e+04
6.678113136925920844e+04
6.896627615618519485e+04
6.772296658541262150e+04
6.594142546158283949e+04
6.967075455068051815e+04
6.952841024686768651e+04
6.918027396409958601e+04
7.174525291884317994e+04
6.949880077406018972e+04
6.976217470819130540e+04
7.023047341050580144e+04
7.085335333601757884e+04
6.965834791819006205e+04
7.242429848178848624e+04
7.036386678270995617e+04
7.064971982719376683e+04
7.074233654272183776e+04
7.227689671871811152e+04
7.184162507777661085e+04
7.237788563948497176e+04
7.076022008094564080e+04
7.388117674294114113e+04
7.473703669960051775e+04
7.279931207449361682e+04
7.524504944609850645e+04
7.497426664150506258e+04
7.624277815711125731e+04
7.532875713484361768e+04
7.837310194753482938e+04
7.655831793582811952e+04
8.111241162194684148e+04
7.703674626125022769e+04
7.689976559125259519e+04
7.747132303487509489e+04
7.789303128427267075e+04
7.802433931526541710e+04
7.955498879299685359e+04
8.106348568350821733e+04
7.860144371357187629e+04
7.883895733571052551e+04
7.919225287150591612e+04
8.060489685115590692e+04
8.184142555129528046e+04
8.306727611583098769e+04
8.108759154957532883e+04
8.165330930942669511e+04
8.384935112012922764e+04
8.428845064489543438e+04
8.261325193410366774e+04
8.267312646024301648e+04
8.422992614476755261e+04
8.321985921626165509e+04
8.408229376320168376e+04
8.548969076561927795e+04
8.546843964377045631e+04
8.636484679286926985e+04
8.768373056401684880e+04
8.580146572886407375e+04
8.749369326869025826e+04
8.765017853484302759e+04
8.627553115702420473e+04
8.908361378468200564e+04
8.740446084877476096e+04
9.004171221093833447e+04
9.355566160940006375e+04
9.037030404439195991e+04
9.326057066232338548e+04
9.265573937761411071e+04
9.133153954004496336e+04
9.258624290966615081e+04
9.200429887528344989e+04
9.499941096036136150e+04
9.499210565082356334e+04
9.740492972207441926e+04
9.406861260376498103e+04
9.433386782046407461e+04
9.773471768730133772e+04
9.460401403345540166e+04
9.746362736428529024e+04
9.438327429123595357e+04
9.749862928384169936e+04
9.751886177599802613e+04
9.811861317272856832e+04
9.872005446075648069e+04
9.985969858403131366e+04
1.014624121487475932e+05
1.015087847620137036e+05
1.028506740342900157e+05
9.998671912883967161e+04
1.029001072077602148e+05
1.046698498540744185e+05
1.029377808846533298e+05
1.057910111413635314e+05
1.067813888011723757e+05
1.055497189385667443e+05
1.058932878152877092e+05
1.073743239269480109e+05
1.074659729084074497e+05
1.094544922746159136e+05
1.081192254898622632e+05
1.092541279252208769e+05
1.101721435705572367e+05
1.106734247165471315e+05
1.099638878149837255e+05
1.119696400960460305e+05
1.133811507377102971e+05
1.127237814873494208e+05
1.143820121483020484e+05
1.166727860539667308e+05
1.133346535534784198e+05
1.137935746512115002e+05
1.134344340469315648e+05
1.158390468970201910e+05
1.168510477274358273e+05
1.183333306230865419e+05
1.166382511039040983e+05
1.178461430399157107e+05
1.192049914995320141e+05
1.227311055486537516e+05
1.252639667760655284e+05
1.211058501886278391e+05
1.217167463536001742e+05
1.212252524801790714e+05
1.230556808943413198e+05
1.235365023876801133e+05
1.248273653684630990e+05
1.251127762008793652e+05
1.282636599495373666e+05
1.263161640320159495e+05
1.240052383439615369e+05
1.278569334474466741e+05
1.301177530057132244e+05
1.263086818686984479e+05
1.264163742565400898e+05
1.306628623749054968e+05
1.314198636944666505e+05
1.280575518994331360e+05
1.320130134742558002e+05
1.312760606121271849e+05
1.325381299352534115e+05
1.322170131002999842e+05
1.319875098674930632e+05
1.349125081934481859e+05
1.342826627481319010e+05
1.361143709952645004e+05
1.343254537909403443e+05
1.409191475899517536e+05
1.372839284149557352e+05
1.387455166583098471e+05
1.351195565380938351e+05
1.371441279002130032e+05
1.394624842724986374e+05
1.432520448133088648e+05
1.390770858762487769e+05
1.396774604458659887e+05
1.392513938082978129e+05
1.393556171505302191e+05
1.391057121341042221e+05
1.411848871106877923e+05
1.429318745916970074e+05
1.428769776842296124e+05
1.429904768076278269e+05
1.424936548371650279e+05
1.440754176944270730e+05
1.429840492307357490e+05
1.448048833078034222e+05
1.455817508099824190e+05
1.443187624775096774e+05
1.471923750085160136e+05
1.468151550967544317e+05
1.435487157082408667e+05
1.464958970663622022e+05
1.469298111745342612e+05
1.457166507389694452e+05
1.443117562961652875e+05
1.460831139456406236e+05
1.440325789813250303e+05
1.472739956914857030e+05
1.483977554502263665e+05
1.498985586842894554e+05
1.476771122406199574e+05
1.481019159980192780e+05
1.477163973668441176e+05
1.496579876385331154e+05
1.472877288097366691e+05
1.478017842411324382e+05
1.507802753520905972e+05
1.483805900300219655e+05
1.491777852031663060e+05
1.490960944176167250e+05
1.516618407034054399e+05
1.464819054579511285e+05
1.507142724053561687e+05
1.493271181790977716e+05
1.496908477717712522e+05
1.493779054875746369e+05
1.484169658541455865e+05
1.487756036960408092e+05
1.496482423224747181e+05
1.504038109841495752e+05
1.497340322290882468e+05
1.472769989201650023e+05
1.495304176109060645e+05
1.521205238438174129e+05
1.500827867202237248e+05
1.506473409703373909e+05
1.500375872459039092e+05
1.519894283208772540e+05
1.517487436912283301e+05
1.517653339446112514e+05
1.514004028545320034e+05
1.530590487228557467e+05
1.501560727516561747e+05
1.500304574486985803e+05
1.542683386452719569e+05
1.535273283018171787e+05
1.533178782692328095e+05
1.525053447241559625e+05
1.492887278695330024e+05
1.529694834494516253e+05
1.494826029625758529e+05
1.525533924561664462e+05
1.527141752842068672e+05
1.534464634966030717e+05
1.528104705222398043e+05
1.513912930842265487e+05
1.551224317323714495e+05
1.521776550540924072e+05
1.545879860584661365e+05
1.544691919593885541e+05
1.546396843735799193e+05
1.554964246096163988e+05
1.544220443553701043e+05
1.521391623478904366e+05
1.531385237619131804e+05
1.542956050043255091e+05
1.547914656138867140e+05
1.519082690335139632e+05
1.562867266789600253e+05
1.553759173527061939e+05
1.584503259558826685e+05
1.524384107017666101e+05
1.552259090264365077e+05
1.581411537026688457e+05
1.538768215804398060e+05
1.555832812404558063e+05
1.552832677568271756e+05
1.543064589361771941e+05
1.575394431142881513e+05
1.538520881540179253e+05
1.581164447381347418e+05
1.590217242756113410e+05
1.547482466422915459e+05
1.568226326372548938e+05
1.583029026050642133e+05
1.595827589280605316e+05
1.585621953535154462e+05
1.565270990760326385e+05
1.586708323466852307e+05
1.583639321211874485e+05
1.608185695031136274e+05
1.599373671313598752e+05
1.608801845081001520e+05
1.581709670639634132e+05
1.587862944247424603e+05
1.584621837748065591e+05
1.579215860040038824e+05
1.557888621717989445e+05
1.597586285192668438e+05
1.609280894136056304e+05
1.572465625719949603e+05
1.606726726350709796e+05
1.600324086243510246e+05
1.602358218551352620e+05
1.605905946278646588e+05
1.579278484913483262e+05
1.591166132209300995e+05
1.572556351329311728e+05
1.590479647802859545e+05
1.590307119802609086e+05
1.605505817916467786e+05
1.585685107412785292e+05
1.653315531317591667e+05
1.643477750258669257e+05
1.608655382739380002e+05
1.633612890841215849e+05
1.609594085238352418e+05
1.574098815153092146e+05
1.633176660411953926e+05
1.628010894046351314e+05
1.617965701305344701e+05
1.595965774773135781e+05
1.568035168790593743e+05
1.619179093449115753e+05
1.607548784267678857e+05
1.605890814539641142e+05
1.614427649622783065e+05
1.574002371776029468e+05
1.662015796910747886e+05
1.630546702998131514e+05
1.626947446416914463e+05
1.598991012817025185e+05
1.639209590096250176e+05
1.621134917425960302e+05
1.612176739084795117e+05
1.626904832470789552e+05
1.635651436818018556e+05
1.623865540425777435e+05
1.652840521746203303e+05
1.657096173313856125e+05
1.631840443764403462e+05
1.626230927697941661e+05
1.664499956612214446e+05
1.658075726638734341e+05
1.654479252759516239e+05
1.605951083545312285e+05
1.626033744530454278e+05
1.624087848168164492e+05
1.614231078558862209e+05
1.654529760856851935e+05
1.638751066759079695e+05
1.658806571883559227e+05
1.662641416158303618e+05
1.649158212247043848e+05
1.672046395304203033e+05
1.654306316640451550e+05
1.663746436438485980e+05
1.681845910776704550e+05
1.657886604804098606e+05
1.685050411347821355e+05
1.681531154411956668e+05
1.645970681206062436e+05
1.691007704454213381e+05
1.652346652494147420e+05
1.723647092977613211e+05
1.712400607998371124e+05
1.646454627955406904e+05
1.636956346936151385e+05
1.671720803361982107e+05
1.665452301124483347e+05
1.626268524518087506e+05
1.644690279089584947e+05
1.650220680904760957e+05
1.652889097789302468e+05
1.626572730323970318e+05
1.643068028899505734e+05
1.660696955189108849e+05
1.643517664145529270e+05
1.656133989624828100e+05
1.651405721324533224e+05
1.630979281515255570e+05
1.646963836382701993e+05
1.655352648724541068e+05
1.664475761188790202e+05
1.649546651056855917e+05
1.637978618079125881e+05
1.623224869711920619e+05
1.671227415463402867e+05
1.649091303240135312e+05
1.607710505477264524e+05
1.636034056558459997e+05
1.627458305177912116e+05
1.626362190230190754e+05
1.619791138775870204e+05
1.611443966263234615e+05
1.625970075420364738e+05
1.620529812475517392e+05
1.599373010614737868e+05
1.596527988051027060e+05
1.610539045133888721e+05
1.592977926356866956e+05
1.603246454102918506e+05
1.590901836473122239e+05
1.606894779436439276e+05
1.564837224655225873e+05
1.592284062920138240e+05
1.579532321980521083e+05
1.584143062499687076e+05
1.557349385010600090e+05
1.551560733531117439e+05
1.565675516314655542e+05
1.597212717464417219e+05
1.561411614235937595e+05
1.570440416635423899e+05
1.517124003785699606e+05
1.560433983706533909e+05
1.533514656746834517e+05
1.533100389478355646e+05
1.501596832797378302e+05
1.535705402398556471e+05
1.515169190466403961e+05
1.525969346982091665e+05
1.528046822478920221e+05
1.504016658931523561e+05
1.512144819250553846e+05
1.499512765120267868e+05
1.499796952343881130e+05
1.516957669682502747e+05
1.493250102986842394e+05
1.504974547825455666e+05
1.493651776639670134e+05
1.484394366680681705e+05
1.506191014750003815e+05
1.475644234047383070e+05
1.477974933037906885e+05
1.496351622720509768e+05
1.476967206352204084e+05
1.475905648687183857e+05
1.473901082947403193e+05
1.478070154527723789e+05
1.454748697704523802e+05
1.448176260604113340e+05
1.422902590805888176e+05
1.475887151074409485e+05
1.463460944757461548e+05
1.437890674388855696e+05
1.450026870731711388e+05
1.456166916657537222e+05
1.410160643340498209e+05
1.468288254429847002e+05
1.446528228725939989e+05
1.443740703570097685e+05
1.411889821676909924e+05
1.409979929069578648e+05
1.395133680965155363e+05
1.412748655591458082e+05
1.419044129266738892e+05
1.384868575566262007e+05
1.390517023421078920e+05
1.419488028438091278e+05
1.391130095321089029e+05
1.397742710313946009e+05
1.386264949734210968e+05
1.412784703872352839e+05
1.383477759653329849e+05
1.402948006743490696e+05
1.363309679033756256e+05
1.394648255377411842e+05
1.394092583323568106e+05
1.368449279706031084e+05
1.360803767914324999e+05
1.372514841154813766e+05
1.377528081168085337e+05
1.344442626070529222e+05
1.390548957862108946e+05
1.372390775841176510e+05
1.368073007104098797e+05
1.346763976020514965e+05
1.361702097275257111e+05
1.327540331484079361e+05
1.345718203314840794e+05
1.350674589023590088e+05
1.322837708698660135e+05
1.330084747721403837e+05
1.349973901066780090e+05
1.340849305060207844e+05
1.330187042285203934e+05
1.323613439466059208e+05
1.308574459102749825e+05
1.331094552849084139e+05
1.299848342957794666e+05
1.308791707748025656e+05
1.317337409135550261e+05
1.304669541278332472e+05
1.314486710154116154e+05
1.274078126765340567e+05
1.307224673631489277e+05
1.281842890570610762e+05
1.307252307313233614e+05
1.318700887620896101e+05
1.301553842293471098e+05
1.280353777713179588e+05
1.277584462002515793e+05
1.304254300464838743e+05
1.276003945312798023e+05
1.289496016509383917e+05
1.302472679122388363e+05
1.282498786853849888e+05
1.272196789123415947e+05
1.278806956118792295e+05
1.276978338500112295e+05
1.280505665628612041e+05
1.249637002837955952e+05
1.268266928040087223e+05
1.242954335294961929e+05
1.275477491095811129e+05
1.231357943801283836e+05
1.249589589984863997e+05
1.241088613094836473e+05
1.253884683778882027e+05
1.250583581898212433e+05
1.243447345291376114e+05
1.266289550284445286e+05
1.245119021830707788e+05
1.225138980929106474e+05
1.213825505761355162e+05
1.213757968173921108e+05
1.209601111889183521e+05
1.208108362129032612e+05
1.248836969927251339e+05
1.250383053244501352e+05
1.214483257983326912e+05
1.224735174921154976e+05
1.191611461005210876e+05
1.213549910085946321e+05
1.211224505670368671e+05
1.217464008399248123e+05
1.198487560389786959e+05
1.201161430667191744e+05
1.187102535874843597e+05
1.207512412859052420e+05
1.204587647213488817e+05
1.210523462787270546e+05
1.198797218800187111e+05
1.170672334032952785e+05
1.186539306537508965e+05
1.181377251571416855e+05
1.186787984552234411e+05
1.184880511700361967e+05
1.175129590562582016e+05
1.173878097032755613e+05
1.168484967067837715e+05
1.164940049258470535e+05
1.163512353229522705e+05
1.171128664090782404e+05
1.153011143691986799e+05
1.171840978081822395e+05
1.143220347832590342e+05
1.163732433177828789e+05
1.168569918673634529e+05
1.175115121424943209e+05
1.167955556789934635e+05
1.152886334403455257e+05
1.128452736244946718e+05
1.147824243612438440e+05
1.123161823389679193e+05
1.132464215411096811e+05
1.149191479117870331e+05
1.153640416865348816e+05
1.146679259813278913e+05
1.128982907343059778e+05
1.141695750454068184e+05
1.118547059736549854e+05
1.111422602769732475e+05
1.109561748240739107e+05
1.129948035689443350e+05
1.121747737079560757e+05
1.134483476349413395e+05
1.087533202420622110e+05
1.122123790653198957e+05
1.129161238477379084e+05
1.096436178915202618e+05
1.095707806371897459e+05
1.089959831867218018e+05
1.081216439398825169e+05
1.100188768865615129e+05
1.119067156455218792e+05
1.101334580583870411e+05
1.094855118268132210e+05
1.094068214207738638e+05
1.100701571313142776e+05
1.095673607124835253e+05
1.065052593399137259e+05
1.089118846564888954e+05
1.119169639480710030e+05
1.080244713108539581e+05
1.073723706905245781e+05
1.071076067663282156e+05
1.082551650737971067e+05
1.075455199360847473e+05
1.077511051594167948e+05
1.078772000237703323e+05
1.044978536881655455e+05
1.059213157503753901e+05
1.059280148573219776e+05
1.051471634077429771e+05
1.028271997492462397e+05
1.060600154869556427e+05
1.044793968122005463e+05
1.070694149982482195e+05
1.031011839901953936e+05
1.027548586497306824e+05
1.032972867010831833e+05
1.038857198089510202e+05
1.043911066315025091e+05
1.051131317803859711e+05
1.026321499629914761e+05
1.032606204935908318e+05
1.031467519740015268e+05
1.043819067918807268e+05
1.036685198851823807e+05
1.031735720693320036e+05
1.037533914872705936e+05
1.016188093236386776e+05
1.004739003206789494e+05
1.007634653983265162e+05
1.027666315995007753e+05
1.000265852034687996e+05
9.981381475718319416e+04
1.010444918536990881e+05
1.003129748262315989e+05
9.890876589430868626e+04
9.985326990371942520e+04
9.959995312818884850e+04
9.985505738456547260e+04
1.021092281676232815e+05
9.968259354595839977e+04
9.985653747187554836e+04
1.001693819377720356e+05
