0.000000000000000000e+00
6.804480541570253824e-03
1.031076889383374107e-02
1.381705724609723004e-02
1.732334559836071902e-02
2.082963395062420453e-02
2.433592230288769004e-02
2.784221065515117902e-02
3.134849900741466799e-02
3.485478735967816044e-02
3.836107571194163901e-02
4.186736406420513146e-02
4.537365241646861697e-02
4.887994076873210247e-02
5.238622912099559492e-02
5.589251747325908043e-02
5.939880582552256594e-02
6.290509417778605838e-02
6.641138253004955083e-02
6.991767088231304328e-02
7.342395923457652185e-02
7.693024758684001430e-02
8.043653593910349286e-02
8.394282429136698531e-02
8.744911264363047776e-02
9.095540099589397021e-02
9.446168934815744878e-02
9.796797770042094122e-02
1.014742660526844198e-01
1.049805544049479122e-01
1.084868427572114047e-01
1.119931311094748971e-01
1.154994194617383757e-01
1.190057078140018682e-01
1.225119961662653467e-01
1.260182845185288392e-01
1.295245728707923316e-01
1.330308612230557963e-01
1.365371495753192888e-01
1.400434379275827812e-01
1.435497262798462459e-01
1.470560146321097661e-01
1.505623029843732308e-01
1.540685913366367510e-01
1.575748796889002157e-01
1.610811680411636804e-01
1.645874563934272006e-01
1.680937447456906653e-01
1.716000330979541855e-01
1.751063214502176502e-01
1.786126098024811426e-01
1.821188981547446351e-01
1.856251865070080997e-01
1.891314748592716199e-01
1.926377632115350846e-01
1.961440515637986048e-01
1.996503399160620695e-01
2.031566282683255342e-01
2.066629166205890544e-01
2.101692049728525191e-01
2.136754933251160393e-01
2.171817816773795040e-01
2.206880700296429965e-01
2.241943583819064889e-01
2.277006467341699536e-01
2.312069350864334738e-01
2.347132234386969385e-01
2.382195117909604309e-01
2.417258001432239234e-01
2.452320884954873881e-01
2.487383768477509083e-01
2.522446652000144285e-01
2.557509535522778932e-01
2.592572419045413579e-01
2.627635302568048781e-01
2.662698186090683983e-01
2.697761069613318075e-01
2.732823953135953277e-01
2.767886836658588479e-01
2.802949720181223126e-01
2.838012603703857772e-01
2.873075487226492974e-01
2.908138370749128176e-01
2.943201254271762268e-01
2.978264137794397470e-01
3.013327021317032672e-01
3.048389904839667319e-01
3.083452788362301966e-01
3.118515671884937168e-01
3.153578555407571815e-01
3.188641438930206462e-01
3.223704322452841664e-01
3.258767205975476866e-01
3.293830089498111513e-01
3.328892973020746160e-01
3.363955856543381362e-01
3.399018740066016009e-01
3.434081623588650656e-01
3.469144507111285858e-01
3.504207390633921060e-01
3.539270274156555152e-01
3.574333157679190354e-01
3.609396041201825556e-01
3.644458924724460203e-01
3.679521808247094850e-01
3.714584691769730052e-01
3.749647575292364698e-01
3.784710458814999345e-01
3.819773342337634547e-01
3.854836225860269749e-01
3.889899109382904396e-01
3.924961992905539043e-01
3.960024876428174245e-01
3.995087759950808892e-01
4.030150643473443539e-01
4.065213526996078741e-01
4.100276410518713943e-01
4.135339294041348035e-01
4.170402177563983237e-01
4.205465061086618439e-01
4.240527944609253086e-01
4.275590828131887733e-01
4.310653711654522935e-01
4.345716595177158137e-01
4.380779478699792229e-01
4.415842362222427431e-01
4.450905245745062633e-01
4.485968129267697280e-01
4.521031012790331927e-01
4.556093896312967129e-01
4.591156779835601776e-01
4.626219663358236422e-01
4.661282546880871624e-01
4.696345430403506827e-01
4.731408313926140918e-01
4.766471197448776120e-01
4.801534080971411322e-01
4.836596964494045969e-01
4.871659848016680616e-01
4.906722731539315818e-01
4.941785615061951020e-01
4.976848498584585112e-01
5.011911382107220314e-01
5.046974265629855516e-01
5.082037149152489608e-01
5.117100032675125920e-01
5.152162916197760012e-01
5.187225799720394104e-01
5.222288683243030416e-01
5.257351566765664508e-01
5.292414450288298600e-01
5.327477333810934912e-01
5.362540217333569004e-01
5.397603100856203096e-01
5.432665984378839408e-01
5.467728867901473500e-01
5.502791751424108702e-01
5.537854634946743904e-01
5.572917518469377995e-01
5.607980401992013197e-01
5.643043285514648399e-01
5.678106169037282491e-01
5.713169052559918804e-01
5.748231936082552895e-01
5.783294819605186987e-01
5.818357703127823299e-01
5.853420586650457391e-01
5.888483470173091483e-01
5.923546353695727795e-01
5.958609237218361887e-01
5.993672120740995979e-01
6.028735004263632291e-01
6.063797887786266383e-01
6.098860771308901585e-01
6.133923654831536787e-01
6.168986538354170879e-01
6.204049421876806081e-01
6.239112305399441283e-01
6.274175188922075375e-01
6.309238072444711687e-01
6.344300955967345779e-01
6.379363839489979870e-01
6.414426723012616183e-01
6.449489606535250275e-01
6.484552490057884366e-01
6.519615373580520679e-01
6.554678257103154770e-01
6.589741140625789972e-01
6.624804024148425174e-01
6.659866907671059266e-01
6.694929791193694468e-01
6.729992674716329670e-01
6.765055558238963762e-01
6.800118441761598964e-01
6.835181325284234166e-01
6.870244208806868258e-01
6.905307092329504570e-01
6.940369975852138662e-01
6.975432859374772754e-01
7.010495742897409066e-01
7.045558626420043158e-01
7.080621509942677250e-01
7.115684393465313562e-01
7.150747276987947654e-01
7.185810160510582856e-01
7.220873044033218058e-01
7.255935927555852150e-01
7.290998811078487352e-01
7.326061694601122554e-01
7.361124578123756645e-01
7.396187461646391847e-01
7.431250345169027050e-01
7.466313228691661141e-01
7.501376112214297454e-01
7.536438995736931545e-01
7.571501879259565637e-01
7.606564762782201949e-01
7.641627646304836041e-01
7.676690529827470133e-01
7.711753413350106445e-01
7.746816296872740537e-01
7.781879180395375739e-01
7.816942063918010941e-01
7.852004947440645033e-01
7.887067830963280235e-01
7.922130714485915437e-01
7.957193598008549529e-01
7.992256481531184731e-01
8.027319365053819933e-01
8.062382248576454025e-01
8.097445132099090337e-01
8.132508015621724429e-01
8.167570899144358521e-01
8.202633782666994833e-01
8.237696666189628925e-01
8.272759549712263016e-01
8.307822433234899329e-01
8.342885316757533420e-01
8.377948200280168622e-01
8.413011083802803824e-01
8.448073967325437916e-01
8.483136850848073118e-01
8.518199734370708320e-01
8.553262617893342412e-01
8.588325501415978724e-01
8.623388384938612816e-01
8.658451268461246908e-01
8.693514151983883220e-01
8.728577035506517312e-01
8.763639919029151404e-01
8.798702802551787716e-01
8.833765686074421808e-01
8.868828569597055900e-01
8.903891453119692212e-01
8.938954336642326304e-01
8.974017220164961506e-01
9.009080103687596708e-01
9.044142987210230800e-01
9.079205870732866002e-01
9.114268754255501204e-01
9.149331637778135295e-01
9.184394521300771608e-01
9.219457404823405700e-01
9.254520288346039791e-01
9.289583171868676104e-01
9.324646055391310195e-01
9.359708938913944287e-01
9.394771822436580599e-01
9.429834705959214691e-01
9.464897589481848783e-01
9.499960473004485095e-01
9.535023356527119187e-01
9.570086240049754389e-01
9.605149123572389591e-01
9.640212007095023683e-01
9.675274890617658885e-01
9.710337774140294087e-01
9.745400657662928179e-01
9.780463541185564491e-01
9.815526424708198583e-01
9.850589308230832675e-01
9.885652191753468987e-01
9.920715075276103079e-01
9.955777958798737171e-01
9.990840842321372373e-01
1.002590372584400757e+00
1.006096660936664389e+00
1.009602949288927576e+00
1.013109237641191207e+00
1.016615525993454838e+00
1.020121814345718247e+00
1.023628102697981657e+00
1.027134391050245288e+00
1.030640679402508697e+00
1.034146967754772106e+00
1.037653256107035737e+00
1.041159544459299147e+00
1.044665832811562556e+00
1.048172121163826187e+00
1.051678409516089596e+00
1.055184697868353005e+00
1.058690986220616637e+00
1.062197274572880046e+00
1.065703562925143455e+00
1.069209851277407086e+00
1.072716139629670495e+00
1.076222427981933905e+00
1.079728716334197536e+00
1.083235004686461167e+00
1.086741293038724354e+00
1.090247581390987985e+00
1.093753869743251617e+00
1.097260158095514804e+00
1.100766446447778435e+00
1.104272734800042066e+00
1.107779023152305253e+00
1.111285311504568885e+00
1.114791599856832516e+00
1.118297888209095703e+00
1.121804176561359334e+00
1.125310464913622965e+00
1.128816753265886152e+00
1.132323041618149784e+00
1.135829329970413415e+00
1.139335618322676824e+00
1.142841906674940233e+00
1.146348195027203865e+00
1.149854483379467274e+00
1.153360771731730683e+00
1.156867060083994314e+00
1.160373348436257723e+00
1.163879636788521132e+00
1.167385925140784764e+00
1.170892213493048173e+00
1.174398501845311582e+00
1.177904790197575213e+00
1.181411078549838622e+00
1.184917366902102032e+00
1.188423655254365663e+00
1.191929943606629072e+00
1.195436231958892481e+00
1.198942520311156112e+00
1.202448808663419744e+00
1.205955097015682931e+00
1.209461385367946562e+00
1.212967673720210193e+00
1.216473962072473380e+00
1.219980250424737012e+00
1.223486538777000643e+00
1.226992827129263830e+00
1.230499115481527461e+00
1.234005403833791092e+00
1.237511692186054280e+00
1.241017980538317911e+00
1.244524268890581542e+00
1.248030557242844729e+00
1.251536845595108360e+00
1.255043133947371992e+00
1.258549422299635401e+00
1.262055710651898810e+00
1.265561999004162441e+00
1.269068287356425850e+00
1.272574575708689260e+00
1.276080864060952891e+00
1.279587152413216300e+00
1.283093440765479709e+00
1.286599729117743340e+00
1.290106017470006750e+00
1.293612305822270159e+00
1.297118594174533790e+00
1.300624882526797199e+00
1.304131170879060608e+00
1.307637459231324240e+00
1.311143747583587871e+00
1.314650035935851058e+00
1.318156324288114689e+00
1.321662612640378320e+00
1.325168900992641507e+00
1.328675189344905139e+00
1.332181477697168770e+00
1.335687766049431957e+00
1.339194054401695588e+00
1.342700342753959220e+00
1.346206631106222407e+00
1.349712919458486038e+00
1.353219207810749669e+00
1.356725496163012856e+00
1.360231784515276487e+00
1.363738072867540119e+00
1.367244361219803528e+00
1.370750649572066937e+00
1.374256937924330568e+00
1.377763226276593977e+00
1.381269514628857387e+00
1.384775802981121018e+00
1.388282091333384427e+00
1.391788379685647836e+00
1.395294668037911467e+00
1.398800956390174877e+00
1.402307244742438286e+00
1.405813533094701917e+00
1.409319821446965326e+00
1.412826109799228735e+00
1.416332398151492367e+00
1.419838686503755776e+00
1.423344974856019185e+00
1.426851263208282816e+00
1.430357551560546447e+00
1.433863839912809635e+00
1.437370128265073266e+00
1.440876416617336897e+00
1.444382704969600084e+00
1.447888993321863715e+00
1.451395281674127347e+00
1.454901570026390534e+00
1.458407858378654165e+00
1.461914146730917796e+00
1.465420435083180983e+00
1.468926723435444615e+00
1.472433011787708246e+00
1.475939300139971433e+00
1.479445588492235064e+00
1.482951876844498695e+00
1.486458165196762105e+00
1.489964453549025514e+00
1.493470741901289145e+00
1.496977030253552554e+00
1.500483318605815963e+00
1.503989606958079595e+00
1.507495895310343004e+00
1.511002183662606413e+00
1.514508472014870044e+00
1.518014760367133453e+00
1.521521048719396862e+00
1.525027337071660494e+00
1.528533625423923903e+00
1.532039913776187312e+00
1.535546202128450943e+00
1.539052490480714352e+00
1.542558778832977762e+00
1.546065067185241393e+00
1.549571355537505024e+00
1.553077643889768211e+00
1.556583932242031842e+00
1.560090220594295474e+00
1.563596508946558661e+00
1.567102797298822292e+00
1.570609085651085923e+00
1.574115374003349110e+00
1.577621662355612742e+00
1.581127950707876373e+00
1.584634239060139560e+00
1.588140527412403191e+00
1.591646815764666822e+00
1.595153104116930010e+00
1.598659392469193641e+00
1.602165680821457272e+00
1.605671969173720681e+00
1.609178257525984090e+00
1.612684545878247722e+00
1.616190834230511131e+00
1.619697122582774540e+00
1.623203410935038171e+00
1.626709699287301580e+00
1.630215987639564990e+00
1.633722275991828621e+00
1.637228564344092030e+00
1.640734852696355439e+00
1.644241141048619070e+00
1.647747429400882480e+00
1.651253717753145889e+00
1.654760006105409520e+00
1.658266294457673151e+00
1.661772582809936338e+00
1.665278871162199970e+00
1.668785159514463601e+00
1.672291447866726788e+00
1.675797736218990419e+00
1.679304024571254050e+00
1.682810312923517237e+00
1.686316601275780869e+00
1.689822889628044500e+00
1.693329177980307687e+00
1.696835466332571318e+00
1.700341754684834950e+00
1.703848043037098137e+00
1.707354331389361768e+00
1.710860619741625399e+00
1.714366908093888808e+00
1.717873196446152217e+00
1.721379484798415849e+00
1.724885773150679258e+00
1.728392061502942667e+00
1.731898349855206298e+00
1.735404638207469707e+00
1.738910926559733117e+00
1.742417214911996748e+00
1.745923503264260157e+00
1.749429791616523566e+00
1.752936079968787197e+00
1.756442368321050607e+00
1.759948656673314016e+00
1.763454945025577647e+00
1.766961233377841056e+00
1.770467521730104465e+00
1.773973810082368097e+00
1.777480098434631728e+00
1.780986386786894915e+00
1.784492675139158546e+00
1.787998963491422177e+00
1.791505251843685365e+00
1.795011540195948996e+00
1.798517828548212627e+00
1.802024116900475814e+00
1.805530405252739445e+00
1.809036693605003077e+00
1.812542981957266264e+00
1.816049270309529895e+00
1.819555558661793526e+00
1.823061847014056713e+00
1.826568135366320345e+00
1.830074423718583976e+00
1.833580712070847385e+00
1.837087000423110794e+00
1.840593288775374425e+00
1.844099577127637835e+00
1.847605865479901244e+00
1.851112153832164875e+00
1.854618442184428284e+00
1.858124730536691693e+00
1.861631018888955325e+00
1.865137307241218734e+00
1.868643595593482143e+00
1.872149883945745774e+00
1.875656172298009183e+00
1.879162460650272592e+00
1.882668749002536224e+00
1.886175037354799633e+00
1.889681325707063042e+00
1.893187614059326673e+00
1.896693902411590305e+00
1.900200190763853492e+00
1.903706479116117123e+00
1.907212767468380754e+00
1.910719055820643941e+00
1.914225344172907572e+00
1.917731632525171204e+00
1.921237920877434391e+00
1.924744209229698022e+00
1.928250497581961653e+00
1.931756785934224840e+00
1.935263074286488472e+00
1.938769362638752103e+00
1.942275650991015290e+00
1.945781939343278921e+00
1.949288227695542552e+00
1.952794516047805962e+00
1.956300804400069371e+00
1.959807092752333002e+00
1.963313381104596411e+00
1.966819669456859820e+00
1.970325957809123452e+00
1.973832246161386861e+00
1.977338534513650270e+00
1.980844822865913901e+00
1.984351111218177310e+00
1.987857399570440720e+00
1.991363687922704351e+00
1.994869976274967760e+00
1.998376264627231169e+00
2.001882552979494800e+00
2.005388841331757988e+00
2.008895129684021619e+00
2.012401418036285250e+00
2.015907706388548881e+00
2.019413994740812068e+00
2.022920283093075700e+00
2.026426571445338887e+00
2.029932859797602518e+00
2.033439148149866149e+00
2.036945436502129780e+00
2.040451724854393412e+00
2.043958013206656599e+00
2.047464301558920230e+00
2.050970589911183417e+00
2.054476878263447048e+00
2.057983166615710680e+00
2.061489454967974311e+00
2.064995743320237498e+00
2.068502031672501129e+00
2.072008320024764316e+00
2.075514608377027947e+00
2.079020896729291579e+00
2.082527185081555210e+00
2.086033473433818397e+00
2.089539761786082028e+00
2.093046050138345215e+00
2.096552338490608847e+00
2.100058626842872478e+00
2.103564915195136109e+00
2.107071203547399296e+00
2.110577491899662927e+00
2.114083780251926115e+00
2.117590068604189746e+00
2.121096356956453377e+00
2.124602645308717008e+00
2.128108933660980195e+00
2.131615222013243827e+00
2.135121510365507014e+00
2.138627798717770645e+00
2.142134087070034276e+00
2.145640375422297907e+00
2.149146663774561095e+00
2.152652952126824726e+00
2.156159240479088357e+00
2.159665528831351544e+00
2.163171817183615175e+00
2.166678105535878807e+00
2.170184393888142438e+00
2.173690682240405625e+00
2.177196970592669256e+00
2.180703258944932443e+00
2.184209547297196075e+00
2.187715835649459706e+00
2.191222124001723337e+00
2.194728412353986524e+00
2.198234700706250155e+00
2.201740989058513343e+00
2.205247277410776974e+00
2.208753565763040605e+00
2.212259854115304236e+00
2.215766142467567423e+00
2.219272430819831055e+00
2.222778719172094242e+00
2.226285007524357873e+00
2.229791295876621504e+00
2.233297584228885135e+00
2.236803872581148322e+00
2.240310160933411954e+00
2.243816449285675141e+00
2.247322737637938772e+00
2.250829025990202403e+00
2.254335314342466035e+00
2.257841602694729222e+00
2.261347891046992853e+00
2.264854179399256484e+00
2.268360467751519671e+00
2.271866756103783302e+00
2.275373044456046934e+00
2.278879332808310565e+00
2.282385621160573752e+00
2.285891909512837383e+00
2.289398197865100570e+00
2.292904486217364202e+00
2.296410774569627833e+00
2.299917062921891464e+00
2.303423351274154651e+00
2.306929639626418282e+00
2.310435927978681470e+00
2.313942216330945101e+00
2.317448504683208732e+00
2.320954793035472363e+00
2.324461081387735550e+00
2.327967369739999182e+00
2.331473658092262369e+00
2.334979946444526000e+00
2.338486234796789631e+00
2.341992523149053262e+00
2.345498811501316450e+00
2.349005099853580081e+00
2.352511388205843268e+00
2.356017676558106899e+00
2.359523964910370530e+00
2.363030253262634162e+00
2.366536541614897349e+00
2.370042829967160980e+00
2.373549118319424167e+00
2.377055406671687798e+00
2.380561695023951430e+00
2.384067983376215061e+00
2.387574271728478692e+00
2.391080560080741879e+00
2.394586848433005510e+00
2.398093136785268698e+00
2.401599425137532329e+00
2.405105713489795960e+00
2.408612001842059591e+00
2.412118290194322778e+00
2.415624578546586410e+00
2.419130866898849597e+00
2.422637155251113228e+00
2.426143443603376859e+00
2.429649731955640490e+00
2.433156020307903677e+00
2.436662308660167309e+00
2.440168597012430496e+00
2.443674885364694127e+00
2.447181173716957758e+00
2.450687462069221390e+00
2.454193750421484577e+00
2.457700038773748208e+00
2.461206327126011395e+00
2.464712615478275026e+00
2.468218903830538657e+00
2.471725192182802289e+00
2.475231480535065476e+00
2.478737768887329107e+00
2.482244057239592294e+00
2.485750345591855925e+00
2.489256633944119557e+00
2.492762922296383188e+00
2.496269210648646375e+00
2.499775499000910006e+00
2.503281787353173637e+00
2.506788075705436825e+00
2.510294364057700456e+00
2.513800652409964087e+00
2.517306940762227718e+00
2.520813229114490905e+00
2.524319517466754537e+00
2.527825805819017724e+00
2.531332094171281355e+00
2.534838382523544986e+00
2.538344670875808617e+00
2.541850959228071805e+00
2.545357247580335436e+00
2.548863535932598623e+00
2.552369824284862254e+00
2.555876112637125885e+00
2.559382400989389517e+00
2.562888689341652704e+00
2.566394977693916335e+00
2.569901266046179522e+00
2.573407554398443153e+00
2.576913842750706785e+00
2.580420131102970416e+00
2.583926419455233603e+00
2.587432707807497234e+00
2.590938996159760421e+00
2.594445284512024053e+00
2.597951572864287684e+00
2.601457861216551315e+00
2.604964149568814502e+00
2.608470437921078133e+00
2.611976726273341765e+00
2.615483014625604952e+00
2.618989302977868583e+00
2.622495591330132214e+00
2.626001879682395845e+00
2.629508168034659032e+00
2.633014456386922664e+00
2.636520744739185851e+00
2.640027033091449482e+00
2.643533321443713113e+00
2.647039609795976745e+00
2.650545898148239932e+00
2.654052186500503563e+00
2.657558474852766750e+00
2.661064763205030381e+00
2.664571051557294012e+00
2.668077339909557644e+00
2.671583628261820831e+00
2.675089916614084462e+00
2.678596204966347649e+00
2.682102493318611280e+00
2.685608781670874912e+00
2.689115070023138543e+00
2.692621358375401730e+00
2.696127646727665361e+00
2.699633935079928548e+00
2.703140223432192180e+00
2.706646511784455811e+00
2.710152800136719442e+00
2.713659088488982629e+00
2.717165376841246260e+00
2.720671665193509448e+00
2.724177953545773079e+00
2.727684241898036710e+00
2.731190530250300341e+00
2.734696818602563972e+00
2.738203106954827160e+00
2.741709395307090791e+00
2.745215683659353978e+00
2.748721972011617609e+00
2.752228260363881240e+00
2.755734548716144872e+00
2.759240837068408059e+00
2.762747125420671690e+00
2.766253413772934877e+00
2.769759702125198508e+00
2.773265990477462140e+00
2.776772278829725771e+00
2.780278567181988958e+00
2.783784855534252589e+00
2.787291143886515776e+00
2.790797432238779407e+00
2.794303720591043039e+00
2.797810008943306670e+00
2.801316297295569857e+00
2.804822585647833488e+00
2.808328874000096675e+00
2.811835162352360307e+00
2.815341450704623938e+00
2.818847739056887569e+00
2.822354027409150756e+00
2.825860315761414387e+00
2.829366604113677575e+00
2.832872892465941206e+00
2.836379180818204837e+00
2.839885469170468468e+00
2.843391757522731655e+00
2.846898045874995287e+00
2.850404334227258918e+00
2.853910622579522105e+00
2.857416910931785736e+00
2.860923199284049367e+00
2.864429487636312999e+00
2.867935775988576186e+00
2.871442064340839817e+00
2.874948352693103004e+00
2.878454641045366635e+00
2.881960929397630267e+00
2.885467217749893898e+00
2.888973506102157085e+00
2.892479794454420716e+00
2.895986082806683903e+00
2.899492371158947535e+00
2.902998659511211166e+00
2.906504947863474797e+00
2.910011236215737984e+00
2.913517524568001615e+00
2.917023812920264803e+00
2.920530101272528434e+00
2.924036389624792065e+00
2.927542677977055696e+00
2.931048966329318883e+00
2.934555254681582515e+00
2.938061543033845702e+00
2.941567831386109333e+00
2.945074119738372964e+00
2.948580408090636595e+00
2.952086696442899783e+00
2.955592984795163414e+00
2.959099273147427045e+00
2.962605561499690232e+00
2.966111849851953863e+00
2.969618138204217495e+00
2.973124426556481126e+00
2.976630714908744313e+00
2.980137003261007944e+00
2.983643291613271131e+00
2.987149579965534762e+00
2.990655868317798394e+00
2.994162156670062025e+00
2.997668445022325212e+00
3.001174733374588843e+00
3.004681021726852030e+00
3.008187310079115662e+00
3.011693598431379293e+00
3.015199886783642924e+00
3.018706175135906111e+00
3.022212463488169742e+00
3.025718751840432930e+00
3.029225040192696561e+00
3.032731328544960192e+00
3.036237616897223823e+00
3.039743905249487010e+00
3.043250193601750642e+00
3.046756481954013829e+00
3.050262770306277460e+00
3.053769058658541091e+00
3.057275347010804722e+00
3.060781635363067910e+00
3.064287923715331541e+00
3.067794212067594728e+00
3.071300500419858359e+00
3.074806788772121990e+00
3.078313077124385622e+00
3.081819365476649253e+00
3.085325653828912440e+00
3.088831942181176071e+00
3.092338230533439258e+00
3.095844518885702890e+00
3.099350807237966521e+00
3.102857095590230152e+00
3.106363383942493339e+00
3.109869672294756970e+00
3.113375960647020158e+00
3.116882248999283789e+00
3.120388537351547420e+00
3.123894825703811051e+00
3.127401114056074238e+00
3.130907402408337870e+00
3.134413690760601057e+00
3.137919979112864688e+00
3.141426267465128319e+00
3.144932555817391950e+00
3.148438844169655138e+00
3.151945132521918769e+00
3.155451420874181956e+00
3.158957709226445587e+00
3.162463997578709218e+00
3.165970285930972850e+00
3.169476574283236037e+00
3.172982862635499668e+00
3.176489150987762855e+00
3.179995439340026486e+00
3.183501727692290117e+00
3.187008016044553749e+00
3.190514304396816936e+00
3.194020592749080567e+00
3.197526881101344198e+00
3.201033169453607385e+00
3.204539457805871017e+00
3.208045746158134648e+00
3.211552034510398279e+00
3.215058322862661466e+00
3.218564611214925097e+00
3.222070899567188285e+00
3.225577187919451916e+00
3.229083476271715547e+00
3.232589764623979178e+00
3.236096052976242365e+00
3.239602341328505997e+00
3.243108629680769184e+00
3.246614918033032815e+00
3.250121206385296446e+00
3.253627494737560077e+00
3.257133783089823265e+00
3.260640071442086896e+00
3.264146359794350083e+00
3.267652648146613714e+00
3.271158936498877345e+00
3.274665224851140977e+00
3.278171513203404164e+00
3.281677801555667795e+00
3.285184089907930982e+00
3.288690378260194613e+00
3.292196666612458245e+00
3.295702954964721876e+00
3.299209243316985063e+00
3.302715531669248694e+00
3.306221820021512325e+00
3.309728108373775513e+00
3.313234396726039144e+00
3.316740685078302775e+00
3.320246973430566406e+00
3.323753261782829593e+00
3.327259550135093225e+00
3.330765838487356412e+00
3.334272126839620043e+00
3.337778415191883674e+00
3.341284703544147305e+00
3.344790991896410493e+00
3.348297280248674124e+00
3.351803568600937311e+00
3.355309856953200942e+00
3.358816145305464573e+00
3.362322433657728205e+00
3.365828722009991392e+00
3.369335010362255023e+00
3.372841298714518210e+00
3.376347587066781841e+00
3.379853875419045472e+00
3.383360163771309104e+00
3.386866452123572291e+00
3.390372740475835922e+00
3.393879028828099109e+00
3.397385317180362740e+00
3.400891605532626372e+00
3.404397893884890003e+00
3.407904182237153190e+00
3.411410470589416821e+00
3.414916758941680008e+00
3.418423047293943640e+00
3.421929335646207271e+00
3.425435623998470902e+00
3.428941912350734533e+00
3.432448200702997720e+00
3.435954489055261352e+00
3.439460777407524539e+00
3.442967065759788170e+00
3.446473354112051801e+00
3.449979642464315432e+00
3.453485930816578620e+00
3.456992219168842251e+00
3.460498507521105438e+00
3.464004795873369069e+00
3.467511084225632700e+00
3.471017372577896332e+00
3.474523660930159519e+00
3.478029949282423150e+00
3.481536237634686337e+00
3.485042525986949968e+00
3.488548814339213600e+00
3.492055102691477231e+00
3.495561391043740418e+00
3.499067679396004049e+00
3.502573967748267236e+00
