0.000000000000000000e+00
3.000752970797209707e-01
3.002255975222437034e-01
3.003758979647664362e-01
3.005261984072892245e-01
3.006764988498119573e-01
3.008267992923346901e-01
3.009770997348574229e-01
3.011274001773801556e-01
3.012777006199028884e-01
3.014280010624256212e-01
3.015783015049483540e-01
3.017286019474710868e-01
3.018789023899938750e-01
3.020292028325166078e-01
3.021795032750393406e-01
3.023298037175620734e-01
3.024801041600848062e-01
3.026304046026075389e-01
3.027807050451303272e-01
3.029310054876530600e-01
3.030813059301757928e-01
3.032316063726985256e-01
3.033819068152212584e-01
3.035322072577439911e-01
3.036825077002667239e-01
3.038328081427894567e-01
3.039831085853122450e-01
3.041334090278349778e-01
3.042837094703577105e-01
3.044340099128804433e-01
3.045843103554031761e-01
3.047346107979259089e-01
3.048849112404486972e-01
3.050352116829714300e-01
3.051855121254941627e-01
3.053358125680168955e-01
3.054861130105396283e-01
3.056364134530623611e-01
3.057867138955850939e-01
3.059370143381078266e-01
3.060873147806305594e-01
3.062376152231533477e-01
3.063879156656760805e-01
3.065382161081988133e-01
3.066885165507215461e-01
3.068388169932442788e-01
3.069891174357670116e-01
3.071394178782897999e-01
3.072897183208125327e-01
3.074400187633352655e-01
3.075903192058579982e-01
3.077406196483807310e-01
3.078909200909034638e-01
3.080412205334261966e-01
3.081915209759489294e-01
3.083418214184716621e-01
3.084921218609944504e-01
3.086424223035171832e-01
3.087927227460399160e-01
3.089430231885626488e-01
3.090933236310853816e-01
3.092436240736081143e-01
3.093939245161309026e-01
3.095442249586536354e-01
3.096945254011763682e-01
3.098448258436991010e-01
3.099951262862218337e-01
3.101454267287445665e-01
3.102957271712672993e-01
3.104460276137900321e-01
3.105963280563128204e-01
3.107466284988355532e-01
3.108969289413582859e-01
3.110472293838810187e-01
3.111975298264037515e-01
3.113478302689264843e-01
3.114981307114492726e-01
3.116484311539720053e-01
3.117987315964947381e-01
3.119490320390174709e-01
3.120993324815402037e-01
3.122496329240629365e-01
3.123999333665856692e-01
3.125502338091084020e-01
3.127005342516311348e-01
3.128508346941539231e-01
3.130011351366766559e-01
3.131514355791993887e-01
3.133017360217221214e-01
3.134520364642448542e-01
3.136023369067675870e-01
3.137526373492903753e-01
3.139029377918131081e-01
3.140532382343358409e-01
3.142035386768585736e-01
3.143538391193813064e-01
3.145041395619040392e-01
3.146544400044267720e-01
3.148047404469495048e-01
3.149550408894722375e-01
3.151053413319950258e-01
3.152556417745177586e-01
3.154059422170404914e-01
3.155562426595632242e-01
3.157065431020859569e-01
3.158568435446086897e-01
3.160071439871314780e-01
3.161574444296542108e-01
3.163077448721769436e-01
3.164580453146996764e-01
3.166083457572224091e-01
3.167586461997451419e-01
3.169089466422678747e-01
3.170592470847906075e-01
3.172095475273133403e-01
3.173598479698361285e-01
3.175101484123588613e-01
3.176604488548815941e-01
3.178107492974043269e-01
3.179610497399270597e-01
3.181113501824498480e-01
3.182616506249725807e-01
3.184119510674953135e-01
3.185622515100180463e-01
3.187125519525407791e-01
3.188628523950635119e-01
3.190131528375862446e-01
3.191634532801089774e-01
3.193137537226317102e-01
3.194640541651544985e-01
3.196143546076772313e-01
3.197646550501999640e-01
3.199149554927226968e-01
3.200652559352454296e-01
3.202155563777681624e-01
3.203658568202909507e-01
3.205161572628136835e-01
3.206664577053364162e-01
3.208167581478591490e-01
3.209670585903818818e-01
3.211173590329046146e-01
3.212676594754273474e-01
3.214179599179500801e-01
3.215682603604728129e-01
3.217185608029956012e-01
3.218688612455183340e-01
3.220191616880410668e-01
3.221694621305637996e-01
3.223197625730865323e-01
3.224700630156092651e-01
3.226203634581320534e-01
3.227706639006547862e-01
3.229209643431775190e-01
3.230712647857002517e-01
3.232215652282229845e-01
3.233718656707457173e-01
3.235221661132684501e-01
3.236724665557911829e-01
3.238227669983139156e-01
3.239730674408367039e-01
3.241233678833594367e-01
3.242736683258821695e-01
3.244239687684049023e-01
3.245742692109276351e-01
3.247245696534504233e-01
3.248748700959731561e-01
3.250251705384958889e-01
3.251754709810186217e-01
3.253257714235413545e-01
3.254760718660640872e-01
3.256263723085868200e-01
3.257766727511095528e-01
3.259269731936322856e-01
3.260772736361550739e-01
3.262275740786778067e-01
3.263778745212005394e-01
3.265281749637232722e-01
3.266784754062460050e-01
3.268287758487687378e-01
3.269790762912915261e-01
3.271293767338142588e-01
3.272796771763369916e-01
3.274299776188597244e-01
3.275802780613824572e-01
3.277305785039051900e-01
3.278808789464279227e-01
3.280311793889506555e-01
3.281814798314733883e-01
3.283317802739961766e-01
3.284820807165189094e-01
3.286323811590416422e-01
3.287826816015643749e-01
3.289329820440871077e-01
3.290832824866098405e-01
3.292335829291326288e-01
3.293838833716553616e-01
3.295341838141780944e-01
3.296844842567008271e-01
3.298347846992235599e-01
3.299850851417462927e-01
3.301353855842690255e-01
3.302856860267917583e-01
3.304359864693144910e-01
3.305862869118372793e-01
3.307365873543600121e-01
3.308868877968827449e-01
3.310371882394054777e-01
3.311874886819282104e-01
3.313377891244509987e-01
3.314880895669737315e-01
3.316383900094964643e-01
3.317886904520191971e-01
3.319389908945419299e-01
3.320892913370646626e-01
3.322395917795873954e-01
3.323898922221101282e-01
3.325401926646328610e-01
3.326904931071555938e-01
3.328407935496783820e-01
3.329910939922011148e-01
3.331413944347238476e-01
3.332916948772465804e-01
3.334419953197693132e-01
3.335922957622921015e-01
3.337425962048148342e-01
3.338928966473375670e-01
3.340431970898602998e-01
3.341934975323830326e-01
3.343437979749057654e-01
3.344940984174284981e-01
3.346443988599512309e-01
3.347946993024739637e-01
3.349449997449967520e-01
3.350953001875194848e-01
3.352456006300422175e-01
3.353959010725649503e-01
3.355462015150876831e-01
3.356965019576104159e-01
3.358468024001332042e-01
3.359971028426559370e-01
3.361474032851786697e-01
3.362977037277014025e-01
3.364480041702241353e-01
3.365983046127468681e-01
3.367486050552696009e-01
3.368989054977923336e-01
3.370492059403150664e-01
3.371995063828378547e-01
3.373498068253605875e-01
3.375001072678833203e-01
3.376504077104060531e-01
3.378007081529287858e-01
3.379510085954515741e-01
3.381013090379743069e-01
3.382516094804970397e-01
3.384019099230197725e-01
3.385522103655425052e-01
3.387025108080652380e-01
3.388528112505879708e-01
3.390031116931107036e-01
3.391534121356334364e-01
3.393037125781561691e-01
3.394540130206789574e-01
3.396043134632016902e-01
3.397546139057244230e-01
3.399049143482471558e-01
3.400552147907698886e-01
3.402055152332926768e-01
3.403558156758154096e-01
3.405061161183381424e-01
3.406564165608608752e-01
3.408067170033836080e-01
3.409570174459063407e-01
3.411073178884290735e-01
3.412576183309518063e-01
3.414079187734745391e-01
3.415582192159973274e-01
3.417085196585200602e-01
3.418588201010427929e-01
3.420091205435655257e-01
3.421594209860882585e-01
3.423097214286109913e-01
3.424600218711337796e-01
3.426103223136565123e-01
3.427606227561792451e-01
3.429109231987019779e-01
3.430612236412247107e-01
3.432115240837474435e-01
3.433618245262701762e-01
3.435121249687929090e-01
3.436624254113156418e-01
3.438127258538384301e-01
3.439630262963611629e-01
3.441133267388838957e-01
3.442636271814066284e-01
3.444139276239293612e-01
3.445642280664521495e-01
3.447145285089748823e-01
3.448648289514976151e-01
3.450151293940203479e-01
3.451654298365430806e-01
3.453157302790658134e-01
3.454660307215885462e-01
3.456163311641112790e-01
3.457666316066340118e-01
3.459169320491567445e-01
3.460672324916795328e-01
3.462175329342022656e-01
3.463678333767249984e-01
3.465181338192477312e-01
3.466684342617704639e-01
3.468187347042932522e-01
3.469690351468159850e-01
3.471193355893387178e-01
3.472696360318614506e-01
3.474199364743841834e-01
3.475702369169069161e-01
3.477205373594296489e-01
3.478708378019523817e-01
3.480211382444751145e-01
3.481714386869979028e-01
3.483217391295206355e-01
3.484720395720433683e-01
3.486223400145661011e-01
3.487726404570888339e-01
3.489229408996115667e-01
3.490732413421343550e-01
3.492235417846570877e-01
3.493738422271798205e-01
3.495241426697025533e-01
3.496744431122252861e-01
3.498247435547480189e-01
3.499750439972707516e-01
3.501253444397934844e-01
3.502756448823162172e-01
3.504259453248390055e-01
3.505762457673617383e-01
3.507265462098844711e-01
3.508768466524072038e-01
3.510271470949299366e-01
3.511774475374527249e-01
3.513277479799754577e-01
3.514780484224981905e-01
3.516283488650209232e-01
3.517786493075436560e-01
3.519289497500663888e-01
3.520792501925891216e-01
3.522295506351118544e-01
3.523798510776345871e-01
3.525301515201573199e-01
3.526804519626801082e-01
3.528307524052028410e-01
3.529810528477255738e-01
3.531313532902483066e-01
3.532816537327710393e-01
3.534319541752938276e-01
3.535822546178165604e-01
3.537325550603392932e-01
3.538828555028620260e-01
3.540331559453847587e-01
3.541834563879074915e-01
3.543337568304302243e-01
3.544840572729529571e-01
3.546343577154756899e-01
3.547846581579984782e-01
3.549349586005212109e-01
3.550852590430439437e-01
3.552355594855666765e-01
3.553858599280894093e-01
3.555361603706121421e-01
3.556864608131349303e-01
3.558367612556576631e-01
3.559870616981803959e-01
3.561373621407031287e-01
3.562876625832258615e-01
3.564379630257485942e-01
3.565882634682713270e-01
3.567385639107940598e-01
3.568888643533167926e-01
3.570391647958395809e-01
3.571894652383623137e-01
3.573397656808850464e-01
3.574900661234077792e-01
3.576403665659305120e-01
3.577906670084533003e-01
3.579409674509760331e-01
3.580912678934987659e-01
3.582415683360214986e-01
3.583918687785442314e-01
3.585421692210669642e-01
3.586924696635896970e-01
3.588427701061124298e-01
3.589930705486351625e-01
3.591433709911578953e-01
3.592936714336806836e-01
3.594439718762034164e-01
3.595942723187261492e-01
3.597445727612488819e-01
3.598948732037716147e-01
3.600451736462944030e-01
3.601954740888171358e-01
3.603457745313398686e-01
3.604960749738626014e-01
3.606463754163853341e-01
3.607966758589080669e-01
3.609469763014307997e-01
3.610972767439535325e-01
3.612475771864762653e-01
3.613978776289990535e-01
3.615481780715217863e-01
3.616984785140445191e-01
3.618487789565672519e-01
3.619990793990899847e-01
3.621493798416127174e-01
3.622996802841355057e-01
3.624499807266582385e-01
3.626002811691809713e-01
3.627505816117037041e-01
3.629008820542264369e-01
3.630511824967491696e-01
3.632014829392719024e-01
3.633517833817946352e-01
3.635020838243173680e-01
3.636523842668401563e-01
3.638026847093628890e-01
3.639529851518856218e-01
3.641032855944083546e-01
3.642535860369310874e-01
3.644038864794538757e-01
3.645541869219766085e-01
3.647044873644993412e-01
3.648547878070220740e-01
3.650050882495448068e-01
3.651553886920675396e-01
3.653056891345902724e-01
3.654559895771130051e-01
3.656062900196357379e-01
3.657565904621584707e-01
3.659068909046812590e-01
3.660571913472039918e-01
3.662074917897267246e-01
3.663577922322494573e-01
3.665080926747721901e-01
3.666583931172949784e-01
3.668086935598177112e-01
3.669589940023404440e-01
3.671092944448631767e-01
3.672595948873859095e-01
3.674098953299086423e-01
3.675601957724313751e-01
3.677104962149541079e-01
3.678607966574768406e-01
3.680110970999995734e-01
3.681613975425223617e-01
3.683116979850450945e-01
3.684619984275678273e-01
3.686122988700905601e-01
3.687625993126133483e-01
3.689128997551360811e-01
3.690632001976588139e-01
3.692135006401815467e-01
3.693638010827042795e-01
3.695141015252270122e-01
3.696644019677497450e-01
3.698147024102724778e-01
3.699650028527952106e-01
3.701153032953179434e-01
3.702656037378406761e-01
3.704159041803634644e-01
3.705662046228861972e-01
3.707165050654089300e-01
3.708668055079316628e-01
3.710171059504544511e-01
3.711674063929771838e-01
3.713177068354999166e-01
3.714680072780226494e-01
3.716183077205453822e-01
3.717686081630681150e-01
3.719189086055908477e-01
3.720692090481135805e-01
3.722195094906363133e-01
3.723698099331590461e-01
3.725201103756818344e-01
3.726704108182045672e-01
3.728207112607272999e-01
3.729710117032500327e-01
3.731213121457727655e-01
3.732716125882955538e-01
3.734219130308182866e-01
3.735722134733410194e-01
3.737225139158637521e-01
3.738728143583864849e-01
3.740231148009092177e-01
3.741734152434319505e-01
3.743237156859546833e-01
3.744740161284774160e-01
3.746243165710001488e-01
3.747746170135229371e-01
3.749249174560456699e-01
3.750752178985684027e-01
3.752255183410911354e-01
3.753758187836139237e-01
3.755261192261366565e-01
3.756764196686593893e-01
3.758267201111821221e-01
3.759770205537048549e-01
3.761273209962275876e-01
3.762776214387503204e-01
3.764279218812730532e-01
3.765782223237957860e-01
3.767285227663185188e-01
3.768788232088412515e-01
3.770291236513640398e-01
3.771794240938867726e-01
3.773297245364095054e-01
3.774800249789322382e-01
3.776303254214550265e-01
3.777806258639777592e-01
3.779309263065004920e-01
3.780812267490232248e-01
3.782315271915459576e-01
3.783818276340686904e-01
3.785321280765914231e-01
3.786824285191141559e-01
3.788327289616368887e-01
3.789830294041596215e-01
3.791333298466824098e-01
3.792836302892051425e-01
3.794339307317278753e-01
3.795842311742506081e-01
3.797345316167733409e-01
3.798848320592961292e-01
3.800351325018188620e-01
3.801854329443415947e-01
3.803357333868643275e-01
3.804860338293870603e-01
3.806363342719097931e-01
3.807866347144325259e-01
3.809369351569552586e-01
3.810872355994779914e-01
3.812375360420007242e-01
3.813878364845235125e-01
3.815381369270462453e-01
3.816884373695689781e-01
3.818387378120917108e-01
3.819890382546144991e-01
3.821393386971372319e-01
3.822896391396599647e-01
3.824399395821826975e-01
3.825902400247054302e-01
3.827405404672281630e-01
3.828908409097508958e-01
3.830411413522736286e-01
3.831914417947963614e-01
3.833417422373190941e-01
3.834920426798418269e-01
3.836423431223646152e-01
3.837926435648873480e-01
3.839429440074100808e-01
3.840932444499328136e-01
3.842435448924556018e-01
3.843938453349783346e-01
3.845441457775010674e-01
3.846944462200238002e-01
3.848447466625465330e-01
3.849950471050692657e-01
3.851453475475919985e-01
3.852956479901147313e-01
3.854459484326374641e-01
3.855962488751601969e-01
3.857465493176829852e-01
3.858968497602057179e-01
3.860471502027284507e-01
3.861974506452511835e-01
3.863477510877739163e-01
3.864980515302967046e-01
3.866483519728194373e-01
3.867986524153421701e-01
3.869489528578649029e-01
3.870992533003876357e-01
3.872495537429103685e-01
3.873998541854331013e-01
3.875501546279558340e-01
3.877004550704785668e-01
3.878507555130012996e-01
3.880010559555240879e-01
3.881513563980468207e-01
3.883016568405695534e-01
3.884519572830922862e-01
3.886022577256150745e-01
3.887525581681378073e-01
3.889028586106605401e-01
3.890531590531832729e-01
3.892034594957060056e-01
3.893537599382287384e-01
3.895040603807514712e-01
3.896543608232742040e-01
3.898046612657969368e-01
3.899549617083196695e-01
3.901052621508424023e-01
3.902555625933651906e-01
3.904058630358879234e-01
3.905561634784106562e-01
3.907064639209333889e-01
3.908567643634561772e-01
3.910070648059789100e-01
3.911573652485016428e-01
3.913076656910243756e-01
3.914579661335471084e-01
3.916082665760698411e-01
3.917585670185925739e-01
3.919088674611153067e-01
3.920591679036380395e-01
3.922094683461607723e-01
3.923597687886835605e-01
3.925100692312062933e-01
3.926603696737290261e-01
3.928106701162517589e-01
3.929609705587744917e-01
3.931112710012972800e-01
3.932615714438200127e-01
3.934118718863427455e-01
3.935621723288654783e-01
3.937124727713882111e-01
3.938627732139109439e-01
3.940130736564336766e-01
3.941633740989564094e-01
3.943136745414791422e-01
3.944639749840018750e-01
3.946142754265246633e-01
3.947645758690473961e-01
3.949148763115701288e-01
3.950651767540928616e-01
3.952154771966155944e-01
3.953657776391383827e-01
3.955160780816611155e-01
3.956663785241838482e-01
3.958166789667065810e-01
3.959669794092293138e-01
3.961172798517520466e-01
3.962675802942747794e-01
3.964178807367975121e-01
3.965681811793202449e-01
3.967184816218429777e-01
3.968687820643657660e-01
3.970190825068884988e-01
3.971693829494112316e-01
3.973196833919339643e-01
3.974699838344567526e-01
3.976202842769794854e-01
3.977705847195022182e-01
3.979208851620249510e-01
3.980711856045476837e-01
3.982214860470704165e-01
3.983717864895931493e-01
3.985220869321158821e-01
3.986723873746386149e-01
3.988226878171613476e-01
3.989729882596841359e-01
3.991232887022068687e-01
3.992735891447296015e-01
3.994238895872523343e-01
3.995741900297750671e-01
3.997244904722978553e-01
3.998747909148205881e-01
4.000250913573433209e-01
4.001753917998660537e-01
4.003256922423887865e-01
4.004759926849115192e-01
4.006262931274342520e-01
4.007765935699569848e-01
4.009268940124797176e-01
4.010771944550024504e-01
4.012274948975252387e-01
4.013777953400479714e-01
4.015280957825707042e-01
4.016783962250934370e-01
4.018286966676161698e-01
4.019789971101389581e-01
4.021292975526616909e-01
4.022795979951844236e-01
4.024298984377071564e-01
4.025801988802298892e-01
4.027304993227526220e-01
4.028807997652753548e-01
4.030311002077980875e-01
4.031814006503208203e-01
4.033317010928435531e-01
4.034820015353663414e-01
4.036323019778890742e-01
4.037826024204118069e-01
4.039329028629345397e-01
4.040832033054573280e-01
4.042335037479800608e-01
4.043838041905027936e-01
4.045341046330255264e-01
4.046844050755482591e-01
4.048347055180709919e-01
4.049850059605937247e-01
4.051353064031164575e-01
4.052856068456391903e-01
4.054359072881619230e-01
4.055862077306847113e-01
4.057365081732074441e-01
4.058868086157301769e-01
4.060371090582529097e-01
4.061874095007756424e-01
4.063377099432984307e-01
4.064880103858211635e-01
4.066383108283438963e-01
4.067886112708666291e-01
4.069389117133893619e-01
4.070892121559120946e-01
4.072395125984348274e-01
4.073898130409575602e-01
4.075401134834802930e-01
4.076904139260030258e-01
4.078407143685258140e-01
4.079910148110485468e-01
4.081413152535712796e-01
4.082916156960940124e-01
4.084419161386167452e-01
4.085922165811395335e-01
4.087425170236622662e-01
4.088928174661849990e-01
4.090431179087077318e-01
4.091934183512304646e-01
4.093437187937531974e-01
4.094940192362759301e-01
4.096443196787986629e-01
4.097946201213213957e-01
4.099449205638441285e-01
4.100952210063669168e-01
4.102455214488896496e-01
4.103958218914123823e-01
4.105461223339351151e-01
4.106964227764579034e-01
4.108467232189806362e-01
4.109970236615033690e-01
4.111473241040261017e-01
4.112976245465488345e-01
4.114479249890715673e-01
4.115982254315943001e-01
4.117485258741170329e-01
4.118988263166397656e-01
4.120491267591624984e-01
4.121994272016852867e-01
4.123497276442080195e-01
4.125000280867307523e-01
4.126503285292534851e-01
4.128006289717762178e-01
4.129509294142990061e-01
4.131012298568217389e-01
4.132515302993444717e-01
4.134018307418672045e-01
4.135521311843899372e-01
4.137024316269126700e-01
4.138527320694354028e-01
4.140030325119581356e-01
4.141533329544808684e-01
4.143036333970036011e-01
4.144539338395263894e-01
4.146042342820491222e-01
4.147545347245718550e-01
4.149048351670945878e-01
4.150551356096173206e-01
4.152054360521401088e-01
4.153557364946628416e-01
4.155060369371855744e-01
4.156563373797083072e-01
4.158066378222310400e-01
4.159569382647537727e-01
4.161072387072765055e-01
4.162575391497992383e-01
4.164078395923219711e-01
4.165581400348447039e-01
4.167084404773674922e-01
4.168587409198902249e-01
4.170090413624129577e-01
4.171593418049356905e-01
4.173096422474584788e-01
4.174599426899812116e-01
4.176102431325039444e-01
4.177605435750266771e-01
4.179108440175494099e-01
4.180611444600721427e-01
4.182114449025948755e-01
4.183617453451176083e-01
4.185120457876403410e-01
4.186623462301630738e-01
4.188126466726858066e-01
4.189629471152085949e-01
4.191132475577313277e-01
4.192635480002540604e-01
4.194138484427767932e-01
4.195641488852995815e-01
4.197144493278223143e-01
4.198647497703450471e-01
4.200150502128677799e-01
4.201653506553905126e-01
4.203156510979132454e-01
4.204659515404359782e-01
4.206162519829587110e-01
4.207665524254814438e-01
4.209168528680041765e-01
4.210671533105269648e-01
4.212174537530496976e-01
4.213677541955724304e-01
4.215180546380951632e-01
4.216683550806178959e-01
4.218186555231406842e-01
4.219689559656634170e-01
4.221192564081861498e-01
4.222695568507088826e-01
4.224198572932316154e-01
4.225701577357543481e-01
4.227204581782770809e-01
4.228707586207998137e-01
4.230210590633225465e-01
4.231713595058452793e-01
4.233216599483680675e-01
4.234719603908908003e-01
4.236222608334135331e-01
4.237725612759362659e-01
4.239228617184590542e-01
4.240731621609817870e-01
4.242234626035045197e-01
4.243737630460272525e-01
4.245240634885499853e-01
4.246743639310727181e-01
4.248246643735954509e-01
4.249749648161181836e-01
4.251252652586409164e-01
4.252755657011636492e-01
4.254258661436863820e-01
4.255761665862091703e-01
4.257264670287319031e-01
4.258767674712546358e-01
4.260270679137774241e-01
4.261773683563001569e-01
4.263276687988228897e-01
4.264779692413456225e-01
4.266282696838683552e-01
4.267785701263910880e-01
4.269288705689138208e-01
4.270791710114365536e-01
4.272294714539592864e-01
4.273797718964820191e-01
4.275300723390047519e-01
4.276803727815274847e-01
4.278306732240502730e-01
4.279809736665730058e-01
4.281312741090957386e-01
4.282815745516185268e-01
4.284318749941412596e-01
4.285821754366639924e-01
4.287324758791867252e-01
4.288827763217094580e-01
4.290330767642321907e-01
4.291833772067549235e-01
4.293336776492776563e-01
4.294839780918003891e-01
4.296342785343231219e-01
4.297845789768458546e-01
4.299348794193685874e-01
4.300851798618913757e-01
4.302354803044141085e-01
4.303857807469368413e-01
4.305360811894596296e-01
4.306863816319823624e-01
4.308366820745050951e-01
4.309869825170278279e-01
4.311372829595505607e-01
4.312875834020732935e-01
4.314378838445960263e-01
4.315881842871187590e-01
4.317384847296414918e-01
4.318887851721642246e-01
4.320390856146869574e-01
4.321893860572096902e-01
4.323396864997324784e-01
4.324899869422552112e-01
4.326402873847779995e-01
4.327905878273007323e-01
4.329408882698234651e-01
4.330911887123461979e-01
4.332414891548689306e-01
4.333917895973916634e-01
4.335420900399143962e-01
4.336923904824371290e-01
4.338426909249598618e-01
4.339929913674825945e-01
4.341432918100053273e-01
4.342935922525280601e-01
4.344438926950508484e-01
4.345941931375735812e-01
4.347444935800963139e-01
4.348947940226191022e-01
4.350450944651418350e-01
4.351953949076645678e-01
4.353456953501873006e-01
4.354959957927100334e-01
4.356462962352327661e-01
4.357965966777554989e-01
4.359468971202782317e-01
4.360971975628009645e-01
4.362474980053236973e-01
4.363977984478464300e-01
4.365480988903691628e-01
4.366983993328919511e-01
4.368486997754146839e-01
4.369990002179374167e-01
4.371493006604602050e-01
4.372996011029829377e-01
4.374499015455056705e-01
4.376002019880284033e-01
4.377505024305511361e-01
4.379008028730738689e-01
4.380511033155966016e-01
4.382014037581193344e-01
4.383517042006420672e-01
4.385020046431648000e-01
4.386523050856875328e-01
4.388026055282102655e-01
4.389529059707330538e-01
4.391032064132557866e-01
4.392535068557785749e-01
4.394038072983013077e-01
4.395541077408240405e-01
4.397044081833467732e-01
4.398547086258695060e-01
4.400050090683922388e-01
4.401553095109149716e-01
4.403056099534377044e-01
4.404559103959604371e-01
4.406062108384831699e-01
4.407565112810059027e-01
4.409068117235286355e-01
4.410571121660514238e-01
4.412074126085741566e-01
4.413577130510968893e-01
4.415080134936196776e-01
4.416583139361424104e-01
4.418086143786651432e-01
4.419589148211878760e-01
4.421092152637106087e-01
4.422595157062333415e-01
4.424098161487560743e-01
4.425601165912788071e-01
4.427104170338015399e-01
4.428607174763242726e-01
4.430110179188470054e-01
4.431613183613697382e-01
4.433116188038925265e-01
4.434619192464152593e-01
4.436122196889379921e-01
4.437625201314607803e-01
4.439128205739835131e-01
4.440631210165062459e-01
4.442134214590289787e-01
4.443637219015517115e-01
4.445140223440744442e-01
4.446643227865971770e-01
4.448146232291199098e-01
4.449649236716426426e-01
4.451152241141653754e-01
4.452655245566881081e-01
4.454158249992108409e-01
4.455661254417336292e-01
4.457164258842563620e-01
4.458667263267791503e-01
4.460170267693018831e-01
4.461673272118246159e-01
4.463176276543473486e-01
4.464679280968700814e-01
4.466182285393928142e-01
4.467685289819155470e-01
4.469188294244382798e-01
4.470691298669610125e-01
4.472194303094837453e-01
4.473697307520064781e-01
4.475200311945292109e-01
4.476703316370519992e-01
4.478206320795747319e-01
4.479709325220974647e-01
4.481212329646202530e-01
4.482715334071429858e-01
4.484218338496657186e-01
4.485721342921884514e-01
4.487224347347111841e-01
4.488727351772339169e-01
4.490230356197566497e-01
4.491733360622793825e-01
4.493236365048021153e-01
4.494739369473248480e-01
4.496242373898475808e-01
4.497745378323703136e-01
4.499248382748931019e-01
