3.001504473009823371e-01
3.003007477435050698e-01
3.004510481860278581e-01
3.006013486285505909e-01
3.007516490710733237e-01
3.009019495135960565e-01
3.010522499561187892e-01
3.012025503986415220e-01
3.013528508411642548e-01
3.015031512836869876e-01
3.016534517262097204e-01
3.018037521687324531e-01
3.019540526112552414e-01
3.021043530537779742e-01
3.022546534963007070e-01
3.024049539388234398e-01
3.025552543813461726e-01
3.027055548238689608e-01
3.028558552663916936e-01
3.030061557089144264e-01
3.031564561514371592e-01
3.033067565939598920e-01
3.034570570364826247e-01
3.036073574790053575e-01
3.037576579215280903e-01
3.039079583640508231e-01
3.040582588065736114e-01
3.042085592490963442e-01
3.043588596916190769e-01
3.045091601341418097e-01
3.046594605766645425e-01
3.048097610191873308e-01
3.049600614617100636e-01
3.051103619042327963e-01
3.052606623467555291e-01
3.054109627892782619e-01
3.055612632318009947e-01
3.057115636743237275e-01
3.058618641168464602e-01
3.060121645593691930e-01
3.061624650018919258e-01
3.063127654444147141e-01
3.064630658869374469e-01
3.066133663294601797e-01
3.067636667719829124e-01
3.069139672145056452e-01
3.070642676570284335e-01
3.072145680995511663e-01
3.073648685420738991e-01
3.075151689845966319e-01
3.076654694271193646e-01
3.078157698696420974e-01
3.079660703121648302e-01
3.081163707546875630e-01
3.082666711972102958e-01
3.084169716397330285e-01
3.085672720822558168e-01
3.087175725247785496e-01
3.088678729673012824e-01
3.090181734098240152e-01
3.091684738523467479e-01
3.093187742948695362e-01
3.094690747373922690e-01
3.096193751799150018e-01
3.097696756224377346e-01
3.099199760649604674e-01
3.100702765074832001e-01
3.102205769500059329e-01
3.103708773925286657e-01
3.105211778350513985e-01
3.106714782775741868e-01
3.108217787200969195e-01
3.109720791626196523e-01
3.111223796051423851e-01
3.112726800476651179e-01
3.114229804901879062e-01
3.115732809327106390e-01
3.117235813752333717e-01
3.118738818177561045e-01
3.120241822602788373e-01
3.121744827028015701e-01
3.123247831453243029e-01
3.124750835878470356e-01
3.126253840303697684e-01
3.127756844728925012e-01
3.129259849154152895e-01
3.130762853579380223e-01
3.132265858004607550e-01
3.133768862429834878e-01
3.135271866855062206e-01
3.136774871280290089e-01
3.138277875705517417e-01
3.139780880130744745e-01
3.141283884555972072e-01
3.142786888981199400e-01
3.144289893406426728e-01
3.145792897831654056e-01
3.147295902256881384e-01
3.148798906682108711e-01
3.150301911107336039e-01
3.151804915532563922e-01
3.153307919957791250e-01
3.154810924383018578e-01
3.156313928808245906e-01
3.157816933233473233e-01
3.159319937658701116e-01
3.160822942083928444e-01
3.162325946509155772e-01
3.163828950934383100e-01
3.165331955359610427e-01
3.166834959784837755e-01
3.168337964210065083e-01
3.169840968635292411e-01
3.171343973060519739e-01
3.172846977485747066e-01
3.174349981910974949e-01
3.175852986336202277e-01
3.177355990761429605e-01
3.178858995186656933e-01
3.180361999611884816e-01
3.181865004037112143e-01
3.183368008462339471e-01
3.184871012887566799e-01
3.186374017312794127e-01
3.187877021738021455e-01
3.189380026163248782e-01
3.190883030588476110e-01
3.192386035013703438e-01
3.193889039438930766e-01
3.195392043864158649e-01
3.196895048289385977e-01
3.198398052714613304e-01
3.199901057139840632e-01
3.201404061565067960e-01
3.202907065990295843e-01
3.204410070415523171e-01
3.205913074840750498e-01
3.207416079265977826e-01
3.208919083691205154e-01
3.210422088116432482e-01
3.211925092541659810e-01
3.213428096966887137e-01
3.214931101392114465e-01
3.216434105817341793e-01
3.217937110242569676e-01
3.219440114667797004e-01
3.220943119093024332e-01
3.222446123518251659e-01
3.223949127943478987e-01
3.225452132368706870e-01
3.226955136793934198e-01
3.228458141219161526e-01
3.229961145644388854e-01
3.231464150069616181e-01
3.232967154494843509e-01
3.234470158920070837e-01
3.235973163345298165e-01
3.237476167770525493e-01
3.238979172195752820e-01
3.240482176620980703e-01
3.241985181046208031e-01
3.243488185471435359e-01
3.244991189896662687e-01
3.246494194321890570e-01
3.247997198747117897e-01
3.249500203172345225e-01
3.251003207597572553e-01
3.252506212022799881e-01
3.254009216448027209e-01
3.255512220873254536e-01
3.257015225298481864e-01
3.258518229723709192e-01
3.260021234148936520e-01
3.261524238574164403e-01
3.263027242999391730e-01
3.264530247424619058e-01
3.266033251849846386e-01
3.267536256275073714e-01
3.269039260700301597e-01
3.270542265125528925e-01
3.272045269550756252e-01
3.273548273975983580e-01
3.275051278401210908e-01
3.276554282826438236e-01
3.278057287251665564e-01
3.279560291676892891e-01
3.281063296102120219e-01
3.282566300527347547e-01
3.284069304952575430e-01
3.285572309377802758e-01
3.287075313803030086e-01
3.288578318228257413e-01
3.290081322653484741e-01
3.291584327078712624e-01
3.293087331503939952e-01
3.294590335929167280e-01
3.296093340354394607e-01
3.297596344779621935e-01
3.299099349204849263e-01
3.300602353630076591e-01
3.302105358055303919e-01
3.303608362480531246e-01
3.305111366905758574e-01
3.306614371330986457e-01
3.308117375756213785e-01
3.309620380181441113e-01
3.311123384606668441e-01
3.312626389031896323e-01
3.314129393457123651e-01
3.315632397882350979e-01
3.317135402307578307e-01
3.318638406732805635e-01
3.320141411158032962e-01
3.321644415583260290e-01
3.323147420008487618e-01
3.324650424433714946e-01
3.326153428858942274e-01
3.327656433284169601e-01
3.329159437709397484e-01
3.330662442134624812e-01
3.332165446559852140e-01
3.333668450985079468e-01
3.335171455410307351e-01
3.336674459835534678e-01
3.338177464260762006e-01
3.339680468685989334e-01
3.341183473111216662e-01
3.342686477536443990e-01
3.344189481961671317e-01
3.345692486386898645e-01
3.347195490812125973e-01
3.348698495237353301e-01
3.350201499662581184e-01
3.351704504087808512e-01
3.353207508513035839e-01
3.354710512938263167e-01
3.356213517363490495e-01
3.357716521788718378e-01
3.359219526213945706e-01
3.360722530639173034e-01
3.362225535064400361e-01
3.363728539489627689e-01
3.365231543914855017e-01
3.366734548340082345e-01
3.368237552765309673e-01
3.369740557190537000e-01
3.371243561615764328e-01
3.372746566040992211e-01
3.374249570466219539e-01
3.375752574891446867e-01
3.377255579316674194e-01
3.378758583741902077e-01
3.380261588167129405e-01
3.381764592592356733e-01
3.383267597017584061e-01
3.384770601442811389e-01
3.386273605868038716e-01
3.387776610293266044e-01
3.389279614718493372e-01
3.390782619143720700e-01
3.392285623568948028e-01
3.393788627994175355e-01
3.395291632419403238e-01
3.396794636844630566e-01
3.398297641269857894e-01
3.399800645695085222e-01
3.401303650120313105e-01
3.402806654545540432e-01
3.404309658970767760e-01
3.405812663395995088e-01
3.407315667821222416e-01
3.408818672246449744e-01
3.410321676671677071e-01
3.411824681096904399e-01
3.413327685522131727e-01
3.414830689947359055e-01
3.416333694372586938e-01
3.417836698797814265e-01
3.419339703223041593e-01
3.420842707648268921e-01
3.422345712073496249e-01
3.423848716498724132e-01
3.425351720923951460e-01
3.426854725349178787e-01
3.428357729774406115e-01
3.429860734199633443e-01
3.431363738624860771e-01
3.432866743050088099e-01
3.434369747475315426e-01
3.435872751900542754e-01
3.437375756325770082e-01
3.438878760750997965e-01
3.440381765176225293e-01
3.441884769601452621e-01
3.443387774026679948e-01
3.444890778451907831e-01
3.446393782877135159e-01
3.447896787302362487e-01
3.449399791727589815e-01
3.450902796152817142e-01
3.452405800578044470e-01
3.453908805003271798e-01
3.455411809428499126e-01
3.456914813853726454e-01
3.458417818278953781e-01
3.459920822704181109e-01
3.461423827129408992e-01
3.462926831554636320e-01
3.464429835979863648e-01
3.465932840405090976e-01
3.467435844830318858e-01
3.468938849255546186e-01
3.470441853680773514e-01
3.471944858106000842e-01
3.473447862531228170e-01
3.474950866956455497e-01
3.476453871381682825e-01
3.477956875806910153e-01
3.479459880232137481e-01
3.480962884657364809e-01
3.482465889082592692e-01
3.483968893507820019e-01
3.485471897933047347e-01
3.486974902358274675e-01
3.488477906783502003e-01
3.489980911208729886e-01
3.491483915633957213e-01
3.492986920059184541e-01
3.494489924484411869e-01
3.495992928909639197e-01
3.497495933334866525e-01
3.498998937760093852e-01
3.500501942185321180e-01
3.502004946610548508e-01
3.503507951035775836e-01
3.505010955461003719e-01
3.506513959886231047e-01
3.508016964311458374e-01
3.509519968736685702e-01
3.511022973161913585e-01
3.512525977587140913e-01
3.514028982012368241e-01
3.515531986437595569e-01
3.517034990862822896e-01
3.518537995288050224e-01
3.520040999713277552e-01
3.521544004138504880e-01
3.523047008563732208e-01
3.524550012988959535e-01
3.526053017414186863e-01
3.527556021839414746e-01
3.529059026264642074e-01
3.530562030689869402e-01
3.532065035115096729e-01
3.533568039540324612e-01
3.535071043965551940e-01
3.536574048390779268e-01
3.538077052816006596e-01
3.539580057241233924e-01
3.541083061666461251e-01
3.542586066091688579e-01
3.544089070516915907e-01
3.545592074942143235e-01
3.547095079367370563e-01
3.548598083792598445e-01
3.550101088217825773e-01
3.551604092643053101e-01
3.553107097068280429e-01
3.554610101493507757e-01
3.556113105918735640e-01
3.557616110343962967e-01
3.559119114769190295e-01
3.560622119194417623e-01
3.562125123619644951e-01
3.563628128044872279e-01
3.565131132470099606e-01
3.566634136895326934e-01
3.568137141320554262e-01
3.569640145745781590e-01
3.571143150171009473e-01
3.572646154596236800e-01
3.574149159021464128e-01
3.575652163446691456e-01
3.577155167871919339e-01
3.578658172297146667e-01
3.580161176722373995e-01
3.581664181147601322e-01
3.583167185572828650e-01
3.584670189998055978e-01
3.586173194423283306e-01
3.587676198848510634e-01
3.589179203273737961e-01
3.590682207698965289e-01
3.592185212124192617e-01
3.593688216549420500e-01
3.595191220974647828e-01
3.596694225399875156e-01
3.598197229825102483e-01
3.599700234250330366e-01
3.601203238675557694e-01
3.602706243100785022e-01
3.604209247526012350e-01
3.605712251951239677e-01
3.607215256376467005e-01
3.608718260801694333e-01
3.610221265226921661e-01
3.611724269652148989e-01
3.613227274077376316e-01
3.614730278502604199e-01
3.616233282927831527e-01
3.617736287353058855e-01
3.619239291778286183e-01
3.620742296203513511e-01
3.622245300628741393e-01
3.623748305053968721e-01
3.625251309479196049e-01
3.626754313904423377e-01
3.628257318329650705e-01
3.629760322754878032e-01
3.631263327180105360e-01
3.632766331605332688e-01
3.634269336030560016e-01
3.635772340455787344e-01
3.637275344881015227e-01
3.638778349306242554e-01
3.640281353731469882e-01
3.641784358156697210e-01
3.643287362581925093e-01
3.644790367007152421e-01
3.646293371432379748e-01
3.647796375857607076e-01
3.649299380282834404e-01
3.650802384708061732e-01
3.652305389133289060e-01
3.653808393558516388e-01
3.655311397983743715e-01
3.656814402408971043e-01
3.658317406834198371e-01
3.659820411259426254e-01
3.661323415684653582e-01
3.662826420109880909e-01
3.664329424535108237e-01
3.665832428960336120e-01
3.667335433385563448e-01
3.668838437810790776e-01
3.670341442236018104e-01
3.671844446661245431e-01
3.673347451086472759e-01
3.674850455511700087e-01
3.676353459936927415e-01
3.677856464362154743e-01
3.679359468787382070e-01
3.680862473212609398e-01
3.682365477637837281e-01
3.683868482063064609e-01
3.685371486488291937e-01
3.686874490913519820e-01
3.688377495338747147e-01
3.689880499763974475e-01
3.691383504189201803e-01
3.692886508614429131e-01
3.694389513039656459e-01
3.695892517464883786e-01
3.697395521890111114e-01
3.698898526315338442e-01
3.700401530740565770e-01
3.701904535165793098e-01
3.703407539591020425e-01
3.704910544016248308e-01
3.706413548441475636e-01
3.707916552866702964e-01
3.709419557291930847e-01
3.710922561717158175e-01
3.712425566142385502e-01
3.713928570567612830e-01
3.715431574992840158e-01
3.716934579418067486e-01
3.718437583843294814e-01
3.719940588268522141e-01
3.721443592693749469e-01
3.722946597118976797e-01
3.724449601544204125e-01
3.725952605969432008e-01
3.727455610394659336e-01
3.728958614819886663e-01
3.730461619245113991e-01
3.731964623670341874e-01
3.733467628095569202e-01
3.734970632520796530e-01
3.736473636946023857e-01
3.737976641371251185e-01
3.739479645796478513e-01
3.740982650221705841e-01
3.742485654646933169e-01
3.743988659072160496e-01
3.745491663497387824e-01
3.746994667922615152e-01
3.748497672347843035e-01
3.750000676773070363e-01
3.751503681198297691e-01
3.753006685623525573e-01
3.754509690048752901e-01
3.756012694473980229e-01
3.757515698899207557e-01
3.759018703324434885e-01
3.760521707749662212e-01
3.762024712174889540e-01
3.763527716600116868e-01
3.765030721025344196e-01
3.766533725450571524e-01
3.768036729875798851e-01
3.769539734301026179e-01
3.771042738726254062e-01
3.772545743151481390e-01
3.774048747576708718e-01
3.775551752001936601e-01
3.777054756427163928e-01
3.778557760852391256e-01
3.780060765277618584e-01
3.781563769702845912e-01
3.783066774128073240e-01
3.784569778553300567e-01
3.786072782978527895e-01
3.787575787403755223e-01
3.789078791828982551e-01
3.790581796254209879e-01
3.792084800679437762e-01
3.793587805104665089e-01
3.795090809529892417e-01
3.796593813955119745e-01
3.798096818380347628e-01
3.799599822805574956e-01
3.801102827230802284e-01
3.802605831656029611e-01
3.804108836081256939e-01
3.805611840506484267e-01
3.807114844931711595e-01
3.808617849356938923e-01
3.810120853782166250e-01
3.811623858207393578e-01
3.813126862632620906e-01
3.814629867057848789e-01
3.816132871483076117e-01
3.817635875908303444e-01
3.819138880333531327e-01
3.820641884758758655e-01
3.822144889183985983e-01
3.823647893609213311e-01
3.825150898034440639e-01
3.826653902459667966e-01
3.828156906884895294e-01
3.829659911310122622e-01
3.831162915735349950e-01
3.832665920160577278e-01
3.834168924585804605e-01
3.835671929011031933e-01
3.837174933436259816e-01
3.838677937861487144e-01
3.840180942286714472e-01
3.841683946711942355e-01
3.843186951137169682e-01
3.844689955562397010e-01
3.846192959987624338e-01
3.847695964412851666e-01
3.849198968838078994e-01
3.850701973263306321e-01
3.852204977688533649e-01
3.853707982113760977e-01
3.855210986538988305e-01
3.856713990964215633e-01
3.858216995389443515e-01
3.859719999814670843e-01
3.861223004239898171e-01
3.862726008665125499e-01
3.864229013090353382e-01
3.865732017515580710e-01
3.867235021940808037e-01
3.868738026366035365e-01
3.870241030791262693e-01
3.871744035216490021e-01
3.873247039641717349e-01
3.874750044066944676e-01
3.876253048492172004e-01
3.877756052917399332e-01
3.879259057342626660e-01
3.880762061767854543e-01
3.882265066193081871e-01
3.883768070618309198e-01
3.885271075043537081e-01
3.886774079468764409e-01
3.888277083893991737e-01
3.889780088319219065e-01
3.891283092744446392e-01
3.892786097169673720e-01
3.894289101594901048e-01
3.895792106020128376e-01
3.897295110445355704e-01
3.898798114870583031e-01
3.900301119295810359e-01
3.901804123721037687e-01
3.903307128146265570e-01
3.904810132571492898e-01
3.906313136996720226e-01
3.907816141421948108e-01
3.909319145847175436e-01
3.910822150272402764e-01
3.912325154697630092e-01
3.913828159122857420e-01
3.915331163548084747e-01
3.916834167973312075e-01
3.918337172398539403e-01
3.919840176823766731e-01
3.921343181248994059e-01
3.922846185674221386e-01
3.924349190099449269e-01
3.925852194524676597e-01
3.927355198949903925e-01
3.928858203375131253e-01
3.930361207800359136e-01
3.931864212225586463e-01
3.933367216650813791e-01
3.934870221076041119e-01
3.936373225501268447e-01
3.937876229926495775e-01
3.939379234351723102e-01
3.940882238776950430e-01
3.942385243202177758e-01
3.943888247627405086e-01
3.945391252052632414e-01
3.946894256477860297e-01
3.948397260903087624e-01
3.949900265328314952e-01
3.951403269753542280e-01
3.952906274178770163e-01
3.954409278603997491e-01
3.955912283029224819e-01
3.957415287454452146e-01
3.958918291879679474e-01
3.960421296304906802e-01
3.961924300730134130e-01
3.963427305155361458e-01
3.964930309580588785e-01
3.966433314005816113e-01
3.967936318431043441e-01
3.969439322856271324e-01
3.970942327281498652e-01
3.972445331706725979e-01
3.973948336131953862e-01
3.975451340557181190e-01
3.976954344982408518e-01
3.978457349407635846e-01
3.979960353832863174e-01
3.981463358258090501e-01
3.982966362683317829e-01
3.984469367108545157e-01
3.985972371533772485e-01
3.987475375958999813e-01
3.988978380384227140e-01
3.990481384809455023e-01
3.991984389234682351e-01
3.993487393659909679e-01
3.994990398085137007e-01
3.996493402510364890e-01
3.997996406935592217e-01
3.999499411360819545e-01
4.001002415786046873e-01
4.002505420211274201e-01
4.004008424636501529e-01
4.005511429061728856e-01
4.007014433486956184e-01
4.008517437912183512e-01
4.010020442337410840e-01
4.011523446762638168e-01
4.013026451187866050e-01
4.014529455613093378e-01
4.016032460038320706e-01
4.017535464463548034e-01
4.019038468888775917e-01
4.020541473314003245e-01
4.022044477739230572e-01
4.023547482164457900e-01
4.025050486589685228e-01
4.026553491014912556e-01
4.028056495440139884e-01
4.029559499865367211e-01
4.031062504290594539e-01
4.032565508715821867e-01
4.034068513141049195e-01
4.035571517566277078e-01
4.037074521991504406e-01
4.038577526416731733e-01
4.040080530841959616e-01
4.041583535267186944e-01
4.043086539692414272e-01
4.044589544117641600e-01
4.046092548542868927e-01
4.047595552968096255e-01
4.049098557393323583e-01
4.050601561818550911e-01
4.052104566243778239e-01
4.053607570669005566e-01
4.055110575094232894e-01
4.056613579519460777e-01
4.058116583944688105e-01
4.059619588369915433e-01
4.061122592795142761e-01
4.062625597220370643e-01
4.064128601645597971e-01
4.065631606070825299e-01
4.067134610496052627e-01
4.068637614921279955e-01
4.070140619346507282e-01
4.071643623771734610e-01
4.073146628196961938e-01
4.074649632622189266e-01
4.076152637047416594e-01
4.077655641472643921e-01
4.079158645897871804e-01
4.080661650323099132e-01
4.082164654748326460e-01
4.083667659173553788e-01
4.085170663598781671e-01
4.086673668024008999e-01
4.088176672449236326e-01
4.089679676874463654e-01
4.091182681299690982e-01
4.092685685724918310e-01
4.094188690150145638e-01
4.095691694575372965e-01
4.097194699000600293e-01
4.098697703425827621e-01
4.100200707851054949e-01
4.101703712276282832e-01
4.103206716701510159e-01
4.104709721126737487e-01
4.106212725551965370e-01
4.107715729977192698e-01
4.109218734402420026e-01
4.110721738827647354e-01
4.112224743252874681e-01
4.113727747678102009e-01
4.115230752103329337e-01
4.116733756528556665e-01
4.118236760953783993e-01
4.119739765379011320e-01
4.121242769804238648e-01
4.122745774229466531e-01
4.124248778654693859e-01
4.125751783079921187e-01
4.127254787505148514e-01
4.128757791930376397e-01
4.130260796355603725e-01
4.131763800780831053e-01
4.133266805206058381e-01
4.134769809631285709e-01
4.136272814056513036e-01
4.137775818481740364e-01
4.139278822906967692e-01
4.140781827332195020e-01
4.142284831757422348e-01
4.143787836182649675e-01
4.145290840607877558e-01
4.146793845033104886e-01
4.148296849458332214e-01
4.149799853883559542e-01
4.151302858308787425e-01
4.152805862734014752e-01
4.154308867159242080e-01
4.155811871584469408e-01
4.157314876009696736e-01
4.158817880434924064e-01
4.160320884860151391e-01
4.161823889285378719e-01
4.163326893710606047e-01
4.164829898135833375e-01
4.166332902561060703e-01
4.167835906986288586e-01
4.169338911411515913e-01
4.170841915836743241e-01
4.172344920261971124e-01
4.173847924687198452e-01
4.175350929112425780e-01
4.176853933537653107e-01
4.178356937962880435e-01
4.179859942388107763e-01
4.181362946813335091e-01
4.182865951238562419e-01
4.184368955663789746e-01
4.185871960089017074e-01
4.187374964514244402e-01
4.188877968939471730e-01
4.190380973364699613e-01
4.191883977789926941e-01
4.193386982215154268e-01
4.194889986640382151e-01
4.196392991065609479e-01
4.197895995490836807e-01
4.199398999916064135e-01
4.200902004341291462e-01
4.202405008766518790e-01
4.203908013191746118e-01
4.205411017616973446e-01
4.206914022042200774e-01
4.208417026467428101e-01
4.209920030892655429e-01
4.211423035317883312e-01
4.212926039743110640e-01
4.214429044168337968e-01
4.215932048593565296e-01
4.217435053018793178e-01
4.218938057444020506e-01
4.220441061869247834e-01
4.221944066294475162e-01
4.223447070719702490e-01
4.224950075144929817e-01
4.226453079570157145e-01
4.227956083995384473e-01
4.229459088420611801e-01
4.230962092845839129e-01
4.232465097271066456e-01
4.233968101696294339e-01
4.235471106121521667e-01
4.236974110546748995e-01
4.238477114971976878e-01
4.239980119397204206e-01
4.241483123822431534e-01
4.242986128247658861e-01
4.244489132672886189e-01
4.245992137098113517e-01
4.247495141523340845e-01
4.248998145948568173e-01
4.250501150373795500e-01
4.252004154799022828e-01
4.253507159224250156e-01
4.255010163649477484e-01
4.256513168074705367e-01
4.258016172499932694e-01
4.259519176925160577e-01
4.261022181350387905e-01
4.262525185775615233e-01
4.264028190200842561e-01
4.265531194626069889e-01
4.267034199051297216e-01
4.268537203476524544e-01
4.270040207901751872e-01
4.271543212326979200e-01
4.273046216752206528e-01
4.274549221177433855e-01
4.276052225602661183e-01
4.277555230027888511e-01
4.279058234453116394e-01
4.280561238878343722e-01
4.282064243303571605e-01
4.283567247728798932e-01
4.285070252154026260e-01
4.286573256579253588e-01
4.288076261004480916e-01
4.289579265429708244e-01
4.291082269854935571e-01
4.292585274280162899e-01
4.294088278705390227e-01
4.295591283130617555e-01
4.297094287555844883e-01
4.298597291981072210e-01
4.300100296406299538e-01
4.301603300831527421e-01
4.303106305256754749e-01
4.304609309681982632e-01
4.306112314107209960e-01
4.307615318532437287e-01
4.309118322957664615e-01
4.310621327382891943e-01
4.312124331808119271e-01
4.313627336233346599e-01
4.315130340658573926e-01
4.316633345083801254e-01
4.318136349509028582e-01
4.319639353934255910e-01
4.321142358359483238e-01
4.322645362784710565e-01
4.324148367209938448e-01
4.325651371635166331e-01
4.327154376060393659e-01
4.328657380485620987e-01
4.330160384910848315e-01
4.331663389336075642e-01
4.333166393761302970e-01
4.334669398186530298e-01
4.336172402611757626e-01
4.337675407036984954e-01
4.339178411462212281e-01
4.340681415887439609e-01
4.342184420312666937e-01
4.343687424737894265e-01
4.345190429163122148e-01
4.346693433588349476e-01
4.348196438013577358e-01
4.349699442438804686e-01
4.351202446864032014e-01
4.352705451289259342e-01
4.354208455714486670e-01
4.355711460139713997e-01
4.357214464564941325e-01
4.358717468990168653e-01
4.360220473415395981e-01
4.361723477840623309e-01
4.363226482265850636e-01
4.364729486691077964e-01
4.366232491116305292e-01
4.367735495541533175e-01
4.369238499966760503e-01
4.370741504391988386e-01
4.372244508817215713e-01
4.373747513242443041e-01
4.375250517667670369e-01
4.376753522092897697e-01
4.378256526518125025e-01
4.379759530943352352e-01
4.381262535368579680e-01
4.382765539793807008e-01
4.384268544219034336e-01
4.385771548644261664e-01
4.387274553069488991e-01
4.388777557494716319e-01
4.390280561919944202e-01
4.391783566345172085e-01
4.393286570770399413e-01
4.394789575195626741e-01
4.396292579620854069e-01
4.397795584046081396e-01
4.399298588471308724e-01
4.400801592896536052e-01
4.402304597321763380e-01
4.403807601746990708e-01
4.405310606172218035e-01
4.406813610597445363e-01
4.408316615022672691e-01
4.409819619447900019e-01
4.411322623873127902e-01
4.412825628298355229e-01
4.414328632723583112e-01
4.415831637148810440e-01
4.417334641574037768e-01
4.418837645999265096e-01
4.420340650424492424e-01
4.421843654849719751e-01
4.423346659274947079e-01
4.424849663700174407e-01
4.426352668125401735e-01
4.427855672550629063e-01
4.429358676975856390e-01
4.430861681401083718e-01
4.432364685826311046e-01
4.433867690251538929e-01
4.435370694676766257e-01
4.436873699101994140e-01
4.438376703527221467e-01
4.439879707952448795e-01
4.441382712377676123e-01
4.442885716802903451e-01
4.444388721228130779e-01
4.445891725653358106e-01
4.447394730078585434e-01
4.448897734503812762e-01
4.450400738929040090e-01
4.451903743354267418e-01
4.453406747779494745e-01
4.454909752204722073e-01
4.456412756629949956e-01
4.457915761055177839e-01
4.459418765480405167e-01
4.460921769905632495e-01
4.462424774330859822e-01
4.463927778756087150e-01
4.465430783181314478e-01
4.466933787606541806e-01
4.468436792031769134e-01
4.469939796456996461e-01
4.471442800882223789e-01
4.472945805307451117e-01
4.474448809732678445e-01
4.475951814157905773e-01
4.477454818583133656e-01
4.478957823008360983e-01
4.480460827433588866e-01
4.481963831858816194e-01
4.483466836284043522e-01
4.484969840709270850e-01
4.486472845134498177e-01
4.487975849559725505e-01
4.489478853984952833e-01
4.490981858410180161e-01
4.492484862835407489e-01
4.493987867260634816e-01
4.495490871685862144e-01
4.496993876111089472e-01
4.498496880536316800e-01
