6.800000000000000000e+01
1.230000000000000000e+02
1.140000000000000000e+02
2.540000000000000000e+02
3.820000000000000000e+02
3.400000000000000000e+02
5.370000000000000000e+02
6.170000000000000000e+02
6.150000000000000000e+02
9.220000000000000000e+02
8.980000000000000000e+02
9.720000000000000000e+02
1.313000000000000000e+03
1.302000000000000000e+03
1.405000000000000000e+03
1.662000000000000000e+03
1.720000000000000000e+03
1.892000000000000000e+03
2.095000000000000000e+03
2.042000000000000000e+03
2.411000000000000000e+03
2.745000000000000000e+03
2.646000000000000000e+03
2.936000000000000000e+03
3.083000000000000000e+03
2.995000000000000000e+03
3.670000000000000000e+03
3.764000000000000000e+03
3.710000000000000000e+03
4.693000000000000000e+03
4.633000000000000000e+03
4.789000000000000000e+03
5.518000000000000000e+03
5.714000000000000000e+03
6.179000000000000000e+03
7.039000000000000000e+03
6.963000000000000000e+03
7.987000000000000000e+03
8.929000000000000000e+03
9.160000000000000000e+03
1.009900000000000000e+04
1.078700000000000000e+04
1.100700000000000000e+04
1.230600000000000000e+04
1.284900000000000000e+04
1.282000000000000000e+04
1.480200000000000000e+04
1.505500000000000000e+04
1.541900000000000000e+04
1.749400000000000000e+04
1.739200000000000000e+04
1.775400000000000000e+04
1.936000000000000000e+04
1.965100000000000000e+04
2.032500000000000000e+04
2.193000000000000000e+04
2.183300000000000000e+04
2.307000000000000000e+04
2.444100000000000000e+04
2.454200000000000000e+04
2.579900000000000000e+04
2.726700000000000000e+04
2.698100000000000000e+04
2.919800000000000000e+04
3.011800000000000000e+04
2.995900000000000000e+04
3.233300000000000000e+04
3.289000000000000000e+04
3.275200000000000000e+04
3.535700000000000000e+04
3.560400000000000000e+04
3.599100000000000000e+04
3.804300000000000000e+04
3.833000000000000000e+04
3.945900000000000000e+04
4.154500000000000000e+04
4.145700000000000000e+04
4.372200000000000000e+04
4.537700000000000000e+04
4.551700000000000000e+04
4.742800000000000000e+04
4.874200000000000000e+04
4.876400000000000000e+04
5.046600000000000000e+04
5.108900000000000000e+04
5.090300000000000000e+04
5.031100000000000000e+04
5.065200000000000000e+04
5.029000000000000000e+04
5.080400000000000000e+04
5.097900000000000000e+04
5.138000000000000000e+04
5.301600000000000000e+04
5.311600000000000000e+04
5.372600000000000000e+04
5.522300000000000000e+04
5.505200000000000000e+04
5.604200000000000000e+04
5.737300000000000000e+04
5.714300000000000000e+04
5.950300000000000000e+04
6.046200000000000000e+04
5.971000000000000000e+04
6.201400000000000000e+04
6.284400000000000000e+04
6.238100000000000000e+04
6.442900000000000000e+04
6.441700000000000000e+04
6.421900000000000000e+04
6.729600000000000000e+04
6.683200000000000000e+04
6.754100000000000000e+04
6.822000000000000000e+04
6.830800000000000000e+04
6.963600000000000000e+04
7.169200000000000000e+04
7.172700000000000000e+04
7.522200000000000000e+04
7.826400000000000000e+04
7.787300000000000000e+04
7.368700000000000000e+04
7.216800000000000000e+04
7.193800000000000000e+04
6.614400000000000000e+04
6.559000000000000000e+04
6.535900000000000000e+04
6.059700000000000000e+04
6.018100000000000000e+04
6.014600000000000000e+04
5.689200000000000000e+04
5.759300000000000000e+04
5.720000000000000000e+04
5.746800000000000000e+04
5.752900000000000000e+04
5.598500000000000000e+04
5.478500000000000000e+04
5.486300000000000000e+04
5.323900000000000000e+04
5.255400000000000000e+04
5.241200000000000000e+04
5.015800000000000000e+04
4.950300000000000000e+04
4.923200000000000000e+04
4.767100000000000000e+04
4.727200000000000000e+04
4.771900000000000000e+04
4.832400000000000000e+04
4.868400000000000000e+04
4.783200000000000000e+04
4.629800000000000000e+04
4.620200000000000000e+04
4.390100000000000000e+04
3.946900000000000000e+04
3.972200000000000000e+04
3.599000000000000000e+04
3.253500000000000000e+04
3.238500000000000000e+04
2.799900000000000000e+04
2.587800000000000000e+04
2.587700000000000000e+04
2.171800000000000000e+04
2.079300000000000000e+04
2.071700000000000000e+04
1.558700000000000000e+04
1.517900000000000000e+04
1.497700000000000000e+04
1.152400000000000000e+04
1.134000000000000000e+04
1.080900000000000000e+04
8.588000000000000000e+03
8.451000000000000000e+03
7.705000000000000000e+03
6.310000000000000000e+03
6.240000000000000000e+03
5.522000000000000000e+03
4.722000000000000000e+03
4.809000000000000000e+03
4.306000000000000000e+03
4.074000000000000000e+03
4.067000000000000000e+03
3.183000000000000000e+03
3.172000000000000000e+03
3.196000000000000000e+03
2.290000000000000000e+03
2.283000000000000000e+03
2.236000000000000000e+03
1.756000000000000000e+03
1.849000000000000000e+03
1.719000000000000000e+03
1.446000000000000000e+03
1.444000000000000000e+03
1.346000000000000000e+03
1.138000000000000000e+03
1.123000000000000000e+03
9.040000000000000000e+02
7.910000000000000000e+02
8.300000000000000000e+02
6.250000000000000000e+02
5.290000000000000000e+02
5.680000000000000000e+02
5.850000000000000000e+02
6.010000000000000000e+02
6.250000000000000000e+02
4.470000000000000000e+02
4.510000000000000000e+02
4.610000000000000000e+02
3.700000000000000000e+02
3.650000000000000000e+02
3.630000000000000000e+02
3.330000000000000000e+02
3.240000000000000000e+02
2.620000000000000000e+02
2.470000000000000000e+02
1.950000000000000000e+02
1.840000000000000000e+02
1.550000000000000000e+02
1.500000000000000000e+02
1.280000000000000000e+02
1.440000000000000000e+02
1.450000000000000000e+02
1.210000000000000000e+02
8.600000000000000000e+01
1.210000000000000000e+02
1.110000000000000000e+02
9.600000000000000000e+01
1.040000000000000000e+02
8.000000000000000000e+01
1.020000000000000000e+02
8.400000000000000000e+01
7.600000000000000000e+01
9.300000000000000000e+01
6.900000000000000000e+01
5.400000000000000000e+01
9.300000000000000000e+01
6.600000000000000000e+01
7.500000000000000000e+01
6.200000000000000000e+01
6.400000000000000000e+01
4.400000000000000000e+01
5.000000000000000000e+01
6.000000000000000000e+01
5.100000000000000000e+01
5.400000000000000000e+01
6.200000000000000000e+01
5.600000000000000000e+01
5.800000000000000000e+01
5.300000000000000000e+01
8.100000000000000000e+01
5.800000000000000000e+01
6.800000000000000000e+01
7.200000000000000000e+01
8.500000000000000000e+01
7.500000000000000000e+01
7.800000000000000000e+01
7.700000000000000000e+01
6.000000000000000000e+01
6.900000000000000000e+01
6.400000000000000000e+01
5.900000000000000000e+01
5.900000000000000000e+01
4.800000000000000000e+01
4.300000000000000000e+01
3.900000000000000000e+01
2.000000000000000000e+01
3.300000000000000000e+01
2.100000000000000000e+01
1.900000000000000000e+01
2.300000000000000000e+01
1.800000000000000000e+01
1.300000000000000000e+01
2.500000000000000000e+01
2.200000000000000000e+01
2.500000000000000000e+01
2.400000000000000000e+01
2.700000000000000000e+01
2.100000000000000000e+01
2.200000000000000000e+01
1.900000000000000000e+01
3.300000000000000000e+01
1.900000000000000000e+01
3.100000000000000000e+01
2.800000000000000000e+01
3.700000000000000000e+01
6.800000000000000000e+01
5.700000000000000000e+01
6.200000000000000000e+01
9.600000000000000000e+01
8.700000000000000000e+01
1.050000000000000000e+02
1.270000000000000000e+02
1.100000000000000000e+02
9.200000000000000000e+01
1.120000000000000000e+02
1.160000000000000000e+02
1.110000000000000000e+02
1.180000000000000000e+02
1.140000000000000000e+02
1.590000000000000000e+02
1.820000000000000000e+02
1.630000000000000000e+02
2.020000000000000000e+02
2.380000000000000000e+02
2.300000000000000000e+02
2.950000000000000000e+02
2.560000000000000000e+02
2.930000000000000000e+02
3.230000000000000000e+02
3.290000000000000000e+02
3.540000000000000000e+02
3.720000000000000000e+02
3.790000000000000000e+02
4.190000000000000000e+02
4.710000000000000000e+02
4.230000000000000000e+02
4.940000000000000000e+02
4.460000000000000000e+02
5.040000000000000000e+02
5.380000000000000000e+02
4.500000000000000000e+02
5.090000000000000000e+02
5.360000000000000000e+02
5.220000000000000000e+02
5.290000000000000000e+02
5.970000000000000000e+02
6.230000000000000000e+02
6.520000000000000000e+02
6.680000000000000000e+02
6.740000000000000000e+02
7.050000000000000000e+02
7.380000000000000000e+02
7.270000000000000000e+02
8.160000000000000000e+02
7.930000000000000000e+02
8.810000000000000000e+02
7.750000000000000000e+02
7.700000000000000000e+02
8.000000000000000000e+02
5.310000000000000000e+02
5.350000000000000000e+02
4.760000000000000000e+02
2.420000000000000000e+02
2.320000000000000000e+02
1.920000000000000000e+02
9.000000000000000000e+01
9.000000000000000000e+01
6.500000000000000000e+01
3.000000000000000000e+01
2.700000000000000000e+01
2.800000000000000000e+01
1.900000000000000000e+01
1.500000000000000000e+01
1.200000000000000000e+01
1.600000000000000000e+01
1.900000000000000000e+01
1.300000000000000000e+01
1.300000000000000000e+01
1.200000000000000000e+01
1.500000000000000000e+01
1.200000000000000000e+01
1.100000000000000000e+01
1.400000000000000000e+01
1.500000000000000000e+01
1.300000000000000000e+01
7.000000000000000000e+00
8.000000000000000000e+00
1.200000000000000000e+01
5.000000000000000000e+00
3.000000000000000000e+00
4.000000000000000000e+00
2.000000000000000000e+00
5.000000000000000000e+00
8.000000000000000000e+00
5.000000000000000000e+00
3.000000000000000000e+00
8.000000000000000000e+00
3.000000000000000000e+00
6.000000000000000000e+00
5.000000000000000000e+00
3.000000000000000000e+00
3.000000000000000000e+00
4.000000000000000000e+00
5.000000000000000000e+00
5.000000000000000000e+00
7.000000000000000000e+00
1.000000000000000000e+01
6.000000000000000000e+00
1.000000000000000000e+01
3.000000000000000000e+00
7.000000000000000000e+00
6.000000000000000000e+00
8.000000000000000000e+00
6.000000000000000000e+00
6.000000000000000000e+00
2.000000000000000000e+00
1.200000000000000000e+01
4.000000000000000000e+00
1.000000000000000000e+01
1.200000000000000000e+01
7.000000000000000000e+00
9.000000000000000000e+00
9.000000000000000000e+00
1.200000000000000000e+01
9.000000000000000000e+00
9.000000000000000000e+00
1.300000000000000000e+01
1.700000000000000000e+01
9.000000000000000000e+00
1.200000000000000000e+01
1.300000000000000000e+01
1.300000000000000000e+01
1.000000000000000000e+01
1.700000000000000000e+01
1.700000000000000000e+01
1.300000000000000000e+01
1.900000000000000000e+01
1.600000000000000000e+01
2.600000000000000000e+01
2.000000000000000000e+01
1.400000000000000000e+01
1.200000000000000000e+01
1.400000000000000000e+01
1.900000000000000000e+01
1.500000000000000000e+01
1.600000000000000000e+01
1.500000000000000000e+01
3.000000000000000000e+01
1.600000000000000000e+01
1.400000000000000000e+01
2.400000000000000000e+01
1.500000000000000000e+01
2.000000000000000000e+01
1.900000000000000000e+01
3.000000000000000000e+01
2.200000000000000000e+01
1.700000000000000000e+01
2.400000000000000000e+01
3.500000000000000000e+01
2.400000000000000000e+01
2.500000000000000000e+01
1.900000000000000000e+01
1.400000000000000000e+01
1.600000000000000000e+01
1.800000000000000000e+01
1.800000000000000000e+01
2.800000000000000000e+01
2.800000000000000000e+01
1.900000000000000000e+01
3.300000000000000000e+01
2.700000000000000000e+01
3.200000000000000000e+01
2.900000000000000000e+01
2.600000000000000000e+01
2.500000000000000000e+01
2.500000000000000000e+01
2.700000000000000000e+01
3.300000000000000000e+01
2.800000000000000000e+01
2.600000000000000000e+01
2.900000000000000000e+01
2.800000000000000000e+01
2.200000000000000000e+01
2.500000000000000000e+01
2.000000000000000000e+01
1.900000000000000000e+01
2.400000000000000000e+01
3.100000000000000000e+01
2.700000000000000000e+01
4.300000000000000000e+01
1.800000000000000000e+01
2.800000000000000000e+01
2.700000000000000000e+01
2.700000000000000000e+01
2.700000000000000000e+01
1.800000000000000000e+01
2.900000000000000000e+01
2.700000000000000000e+01
3.300000000000000000e+01
3.500000000000000000e+01
3.200000000000000000e+01
3.300000000000000000e+01
3.300000000000000000e+01
2.800000000000000000e+01
2.000000000000000000e+01
3.400000000000000000e+01
3.400000000000000000e+01
2.100000000000000000e+01
2.500000000000000000e+01
2.400000000000000000e+01
2.300000000000000000e+01
1.400000000000000000e+01
2.600000000000000000e+01
2.100000000000000000e+01
2.100000000000000000e+01
2.400000000000000000e+01
2.300000000000000000e+01
1.200000000000000000e+01
1.500000000000000000e+01
1.800000000000000000e+01
2.400000000000000000e+01
2.500000000000000000e+01
2.600000000000000000e+01
2.900000000000000000e+01
1.100000000000000000e+01
1.800000000000000000e+01
2.000000000000000000e+01
2.000000000000000000e+01
2.000000000000000000e+01
1.300000000000000000e+01
1.300000000000000000e+01
2.200000000000000000e+01
2.100000000000000000e+01
2.300000000000000000e+01
1.700000000000000000e+01
2.000000000000000000e+01
1.800000000000000000e+01
2.300000000000000000e+01
2.200000000000000000e+01
1.600000000000000000e+01
2.200000000000000000e+01
2.100000000000000000e+01
2.100000000000000000e+01
1.900000000000000000e+01
2.500000000000000000e+01
2.400000000000000000e+01
2.800000000000000000e+01
2.000000000000000000e+01
2.700000000000000000e+01
2.800000000000000000e+01
2.500000000000000000e+01
2.200000000000000000e+01
2.400000000000000000e+01
2.100000000000000000e+01
2.200000000000000000e+01
2.000000000000000000e+01
3.000000000000000000e+01
1.900000000000000000e+01
1.900000000000000000e+01
2.800000000000000000e+01
2.200000000000000000e+01
1.700000000000000000e+01
2.600000000000000000e+01
3.200000000000000000e+01
2.300000000000000000e+01
1.500000000000000000e+01
3.100000000000000000e+01
2.500000000000000000e+01
2.700000000000000000e+01
4.000000000000000000e+01
3.100000000000000000e+01
2.800000000000000000e+01
2.700000000000000000e+01
3.100000000000000000e+01
3.200000000000000000e+01
2.400000000000000000e+01
3.000000000000000000e+01
3.000000000000000000e+01
3.500000000000000000e+01
2.500000000000000000e+01
3.300000000000000000e+01
3.500000000000000000e+01
2.700000000000000000e+01
3.500000000000000000e+01
2.800000000000000000e+01
1.700000000000000000e+01
2.900000000000000000e+01
2.500000000000000000e+01
3.500000000000000000e+01
2.100000000000000000e+01
3.300000000000000000e+01
2.800000000000000000e+01
2.600000000000000000e+01
3.700000000000000000e+01
2.500000000000000000e+01
4.200000000000000000e+01
3.000000000000000000e+01
3.300000000000000000e+01
4.800000000000000000e+01
3.800000000000000000e+01
3.000000000000000000e+01
4.700000000000000000e+01
4.200000000000000000e+01
2.700000000000000000e+01
3.500000000000000000e+01
4.100000000000000000e+01
3.800000000000000000e+01
4.000000000000000000e+01
4.000000000000000000e+01
4.000000000000000000e+01
3.900000000000000000e+01
3.400000000000000000e+01
3.800000000000000000e+01
3.500000000000000000e+01
4.500000000000000000e+01
3.200000000000000000e+01
3.600000000000000000e+01
5.100000000000000000e+01
3.100000000000000000e+01
3.300000000000000000e+01
4.600000000000000000e+01
4.800000000000000000e+01
4.000000000000000000e+01
4.700000000000000000e+01
4.900000000000000000e+01
2.900000000000000000e+01
4.900000000000000000e+01
4.000000000000000000e+01
3.400000000000000000e+01
5.300000000000000000e+01
4.800000000000000000e+01
4.000000000000000000e+01
4.000000000000000000e+01
4.200000000000000000e+01
5.600000000000000000e+01
4.200000000000000000e+01
4.200000000000000000e+01
4.600000000000000000e+01
4.700000000000000000e+01
4.000000000000000000e+01
4.400000000000000000e+01
4.400000000000000000e+01
3.900000000000000000e+01
3.900000000000000000e+01
4.400000000000000000e+01
4.300000000000000000e+01
5.500000000000000000e+01
3.700000000000000000e+01
6.000000000000000000e+01
4.600000000000000000e+01
3.900000000000000000e+01
3.800000000000000000e+01
3.700000000000000000e+01
4.100000000000000000e+01
3.700000000000000000e+01
4.100000000000000000e+01
5.100000000000000000e+01
4.500000000000000000e+01
5.300000000000000000e+01
5.200000000000000000e+01
3.400000000000000000e+01
3.500000000000000000e+01
4.300000000000000000e+01
4.200000000000000000e+01
3.500000000000000000e+01
3.900000000000000000e+01
5.200000000000000000e+01
4.200000000000000000e+01
5.000000000000000000e+01
3.700000000000000000e+01
5.200000000000000000e+01
4.000000000000000000e+01
4.800000000000000000e+01
4.900000000000000000e+01
5.000000000000000000e+01
4.200000000000000000e+01
3.700000000000000000e+01
3.500000000000000000e+01
4.000000000000000000e+01
5.600000000000000000e+01
4.500000000000000000e+01
3.900000000000000000e+01
4.300000000000000000e+01
5.400000000000000000e+01
4.500000000000000000e+01
4.300000000000000000e+01
3.800000000000000000e+01
4.200000000000000000e+01
5.900000000000000000e+01
4.700000000000000000e+01
3.900000000000000000e+01
3.500000000000000000e+01
4.500000000000000000e+01
3.300000000000000000e+01
5.300000000000000000e+01
4.100000000000000000e+01
5.000000000000000000e+01
4.600000000000000000e+01
4.400000000000000000e+01
5.300000000000000000e+01
3.900000000000000000e+01
4.600000000000000000e+01
4.600000000000000000e+01
3.900000000000000000e+01
4.000000000000000000e+01
4.200000000000000000e+01
4.900000000000000000e+01
5.000000000000000000e+01
4.600000000000000000e+01
3.600000000000000000e+01
5.000000000000000000e+01
4.400000000000000000e+01
4.300000000000000000e+01
4.200000000000000000e+01
5.300000000000000000e+01
4.700000000000000000e+01
4.000000000000000000e+01
6.000000000000000000e+01
5.500000000000000000e+01
5.600000000000000000e+01
6.400000000000000000e+01
5.700000000000000000e+01
4.500000000000000000e+01
4.400000000000000000e+01
4.400000000000000000e+01
4.500000000000000000e+01
4.400000000000000000e+01
4.800000000000000000e+01
3.700000000000000000e+01
4.100000000000000000e+01
4.000000000000000000e+01
4.100000000000000000e+01
3.900000000000000000e+01
4.900000000000000000e+01
3.700000000000000000e+01
4.000000000000000000e+01
4.000000000000000000e+01
4.300000000000000000e+01
3.800000000000000000e+01
3.900000000000000000e+01
4.700000000000000000e+01
5.400000000000000000e+01
5.100000000000000000e+01
4.800000000000000000e+01
4.400000000000000000e+01
5.700000000000000000e+01
5.100000000000000000e+01
4.200000000000000000e+01
4.800000000000000000e+01
3.900000000000000000e+01
3.100000000000000000e+01
4.600000000000000000e+01
5.900000000000000000e+01
5.200000000000000000e+01
4.400000000000000000e+01
5.900000000000000000e+01
4.500000000000000000e+01
3.600000000000000000e+01
4.900000000000000000e+01
3.700000000000000000e+01
3.800000000000000000e+01
4.200000000000000000e+01
4.500000000000000000e+01
3.700000000000000000e+01
4.500000000000000000e+01
4.100000000000000000e+01
5.100000000000000000e+01
4.700000000000000000e+01
5.300000000000000000e+01
4.100000000000000000e+01
4.600000000000000000e+01
3.800000000000000000e+01
4.100000000000000000e+01
4.800000000000000000e+01
4.400000000000000000e+01
4.600000000000000000e+01
5.200000000000000000e+01
4.900000000000000000e+01
4.000000000000000000e+01
4.900000000000000000e+01
5.000000000000000000e+01
3.400000000000000000e+01
5.200000000000000000e+01
3.500000000000000000e+01
6.100000000000000000e+01
5.000000000000000000e+01
4.200000000000000000e+01
3.400000000000000000e+01
4.100000000000000000e+01
4.800000000000000000e+01
2.700000000000000000e+01
4.600000000000000000e+01
4.500000000000000000e+01
3.700000000000000000e+01
4.800000000000000000e+01
5.600000000000000000e+01
3.500000000000000000e+01
3.500000000000000000e+01
4.500000000000000000e+01
4.400000000000000000e+01
4.700000000000000000e+01
4.800000000000000000e+01
4.600000000000000000e+01
4.300000000000000000e+01
4.400000000000000000e+01
4.600000000000000000e+01
3.600000000000000000e+01
4.400000000000000000e+01
4.000000000000000000e+01
4.700000000000000000e+01
3.200000000000000000e+01
3.300000000000000000e+01
4.200000000000000000e+01
4.200000000000000000e+01
4.000000000000000000e+01
5.100000000000000000e+01
4.600000000000000000e+01
5.200000000000000000e+01
4.200000000000000000e+01
4.600000000000000000e+01
4.600000000000000000e+01
4.300000000000000000e+01
3.800000000000000000e+01
3.800000000000000000e+01
4.300000000000000000e+01
4.100000000000000000e+01
5.100000000000000000e+01
4.200000000000000000e+01
4.100000000000000000e+01
4.500000000000000000e+01
4.700000000000000000e+01
4.500000000000000000e+01
3.900000000000000000e+01
3.600000000000000000e+01
4.400000000000000000e+01
3.500000000000000000e+01
4.300000000000000000e+01
2.900000000000000000e+01
4.100000000000000000e+01
4.200000000000000000e+01
2.700000000000000000e+01
3.900000000000000000e+01
4.200000000000000000e+01
4.600000000000000000e+01
4.300000000000000000e+01
3.600000000000000000e+01
4.800000000000000000e+01
5.700000000000000000e+01
3.700000000000000000e+01
4.800000000000000000e+01
4.200000000000000000e+01
4.300000000000000000e+01
3.400000000000000000e+01
4.100000000000000000e+01
4.100000000000000000e+01
2.800000000000000000e+01
3.700000000000000000e+01
3.500000000000000000e+01
2.400000000000000000e+01
4.400000000000000000e+01
2.700000000000000000e+01
3.000000000000000000e+01
3.300000000000000000e+01
3.400000000000000000e+01
2.900000000000000000e+01
4.700000000000000000e+01
3.800000000000000000e+01
4.200000000000000000e+01
3.400000000000000000e+01
3.700000000000000000e+01
2.900000000000000000e+01
3.500000000000000000e+01
3.300000000000000000e+01
3.000000000000000000e+01
3.500000000000000000e+01
4.200000000000000000e+01
3.100000000000000000e+01
3.100000000000000000e+01
3.200000000000000000e+01
2.200000000000000000e+01
2.000000000000000000e+01
3.500000000000000000e+01
4.000000000000000000e+01
3.100000000000000000e+01
3.300000000000000000e+01
2.700000000000000000e+01
3.100000000000000000e+01
4.000000000000000000e+01
2.700000000000000000e+01
3.300000000000000000e+01
3.100000000000000000e+01
3.200000000000000000e+01
2.900000000000000000e+01
3.200000000000000000e+01
2.500000000000000000e+01
1.800000000000000000e+01
1.900000000000000000e+01
4.000000000000000000e+01
2.300000000000000000e+01
3.400000000000000000e+01
1.800000000000000000e+01
2.300000000000000000e+01
2.800000000000000000e+01
3.400000000000000000e+01
3.000000000000000000e+01
2.700000000000000000e+01
2.100000000000000000e+01
2.600000000000000000e+01
2.300000000000000000e+01
1.400000000000000000e+01
2.700000000000000000e+01
1.900000000000000000e+01
2.500000000000000000e+01
3.100000000000000000e+01
2.600000000000000000e+01
2.300000000000000000e+01
2.400000000000000000e+01
1.700000000000000000e+01
2.800000000000000000e+01
2.600000000000000000e+01
2.800000000000000000e+01
1.400000000000000000e+01
2.300000000000000000e+01
2.700000000000000000e+01
1.900000000000000000e+01
2.200000000000000000e+01
1.700000000000000000e+01
1.900000000000000000e+01
1.400000000000000000e+01
2.300000000000000000e+01
1.200000000000000000e+01
1.600000000000000000e+01
2.300000000000000000e+01
1.700000000000000000e+01
2.200000000000000000e+01
2.000000000000000000e+01
1.300000000000000000e+01
1.400000000000000000e+01
2.600000000000000000e+01
2.600000000000000000e+01
2.900000000000000000e+01
1.600000000000000000e+01
1.700000000000000000e+01
2.100000000000000000e+01
1.500000000000000000e+01
1.900000000000000000e+01
2.000000000000000000e+01
1.100000000000000000e+01
1.500000000000000000e+01
1.700000000000000000e+01
8.000000000000000000e+00
1.200000000000000000e+01
9.000000000000000000e+00
1.500000000000000000e+01
1.200000000000000000e+01
2.000000000000000000e+01
1.900000000000000000e+01
1.600000000000000000e+01
1.200000000000000000e+01
1.800000000000000000e+01
1.500000000000000000e+01
1.900000000000000000e+01
1.700000000000000000e+01
1.700000000000000000e+01
2.100000000000000000e+01
1.700000000000000000e+01
2.300000000000000000e+01
1.500000000000000000e+01
1.400000000000000000e+01
9.000000000000000000e+00
3.000000000000000000e+00
5.000000000000000000e+00
9.000000000000000000e+00
1.000000000000000000e+01
7.000000000000000000e+00
1.900000000000000000e+01
1.300000000000000000e+01
9.000000000000000000e+00
8.000000000000000000e+00
4.000000000000000000e+00
8.000000000000000000e+00
1.000000000000000000e+01
1.200000000000000000e+01
1.100000000000000000e+01
1.200000000000000000e+01
7.000000000000000000e+00
1.200000000000000000e+01
5.000000000000000000e+00
1.100000000000000000e+01
9.000000000000000000e+00
8.000000000000000000e+00
1.000000000000000000e+01
9.000000000000000000e+00
3.000000000000000000e+00
7.000000000000000000e+00
5.000000000000000000e+00
3.000000000000000000e+00
6.000000000000000000e+00
6.000000000000000000e+00
6.000000000000000000e+00
5.000000000000000000e+00
5.000000000000000000e+00
7.000000000000000000e+00
7.000000000000000000e+00
6.000000000000000000e+00
2.000000000000000000e+00
6.000000000000000000e+00
6.000000000000000000e+00
6.000000000000000000e+00
3.000000000000000000e+00
3.000000000000000000e+00
5.000000000000000000e+00
5.000000000000000000e+00
3.000000000000000000e+00
1.100000000000000000e+01
1.000000000000000000e+00
5.000000000000000000e+00
2.000000000000000000e+00
5.000000000000000000e+00
6.000000000000000000e+00
