3.402240270785126912e-03
8.557624717701998313e-03
1.206391306996548556e-02
1.557020142222897453e-02
1.907648977449246178e-02
2.258277812675594728e-02
2.608906647901943626e-02
2.959535483128292177e-02
3.310164318354641422e-02
3.660793153580989973e-02
4.011421988807338523e-02
4.362050824033687768e-02
4.712679659260035625e-02
5.063308494486384870e-02
5.413937329712734114e-02
5.764566164939081971e-02
6.115195000165431216e-02
6.465823835391780461e-02
6.816452670618129706e-02
7.167081505844477562e-02
7.517710341070826807e-02
7.868339176297176052e-02
8.218968011523523909e-02
8.569596846749873154e-02
8.920225681976222398e-02
9.270854517202570255e-02
9.621483352428919500e-02
9.972112187655268745e-02
1.032274102288161660e-01
1.067336985810796585e-01
1.102399869333431509e-01
1.137462752856066295e-01
1.172525636378701219e-01
1.207588519901336144e-01
1.242651403423970929e-01
1.277714286946605715e-01
1.312777170469240640e-01
1.347840053991875564e-01
1.382902937514510211e-01
1.417965821037145135e-01
1.453028704559780060e-01
1.488091588082414984e-01
1.523154471605049909e-01
1.558217355127684833e-01
1.593280238650319480e-01
1.628343122172954405e-01
1.663406005695589329e-01
1.698468889218224254e-01
1.733531772740859178e-01
1.768594656263494103e-01
1.803657539786128750e-01
1.838720423308763674e-01
1.873783306831398598e-01
1.908846190354033523e-01
1.943909073876668447e-01
1.978971957399303372e-01
2.014034840921938019e-01
2.049097724444572943e-01
2.084160607967207868e-01
2.119223491489842792e-01
2.154286375012477717e-01
2.189349258535112641e-01
2.224412142057747288e-01
2.259475025580382213e-01
2.294537909103017137e-01
2.329600792625652061e-01
2.364663676148286986e-01
2.399726559670921633e-01
2.434789443193556557e-01
2.469852326716191482e-01
2.504915210238826684e-01
2.539978093761461331e-01
2.575040977284096533e-01
2.610103860806731180e-01
2.645166744329366382e-01
2.680229627852001029e-01
2.715292511374635676e-01
2.750355394897270878e-01
2.785418278419905525e-01
2.820481161942540727e-01
2.855544045465175373e-01
2.890606928987810575e-01
2.925669812510445222e-01
2.960732696033079869e-01
2.995795579555715071e-01
3.030858463078349718e-01
3.065921346600984920e-01
3.100984230123619567e-01
3.136047113646254214e-01
3.171109997168889416e-01
3.206172880691524063e-01
3.241235764214159265e-01
3.276298647736793912e-01
3.311361531259429114e-01
3.346424414782063761e-01
3.381487298304698408e-01
3.416550181827333610e-01
3.451613065349968257e-01
3.486675948872603459e-01
3.521738832395238106e-01
3.556801715917872753e-01
3.591864599440507955e-01
3.626927482963142602e-01
3.661990366485777804e-01
3.697053250008412451e-01
3.732116133531047097e-01
3.767179017053682299e-01
3.802241900576316946e-01
3.837304784098952148e-01
3.872367667621586795e-01
3.907430551144221997e-01
3.942493434666856644e-01
3.977556318189491291e-01
4.012619201712126493e-01
4.047682085234761140e-01
4.082744968757396342e-01
4.117807852280030989e-01
4.152870735802665636e-01
4.187933619325300838e-01
4.222996502847935485e-01
4.258059386370570687e-01
4.293122269893205334e-01
4.328185153415840536e-01
4.363248036938475183e-01
4.398310920461109830e-01
4.433373803983745032e-01
4.468436687506379679e-01
4.503499571029014881e-01
4.538562454551649528e-01
4.573625338074284175e-01
4.608688221596919377e-01
4.643751105119554023e-01
4.678813988642189226e-01
4.713876872164823872e-01
4.748939755687458519e-01
4.784002639210093721e-01
4.819065522732728368e-01
4.854128406255363570e-01
4.889191289777998217e-01
4.924254173300633419e-01
4.959317056823268066e-01
4.994379940345902713e-01
5.029442823868537360e-01
5.064505707391172562e-01
5.099568590913807764e-01
5.134631474436442966e-01
5.169694357959077058e-01
5.204757241481712260e-01
5.239820125004347462e-01
5.274883008526981554e-01
5.309945892049616756e-01
5.345008775572251958e-01
5.380071659094886050e-01
5.415134542617521252e-01
5.450197426140156454e-01
5.485260309662791656e-01
5.520323193185425747e-01
5.555386076708060950e-01
5.590448960230696152e-01
5.625511843753330243e-01
5.660574727275965445e-01
5.695637610798600647e-01
5.730700494321235849e-01
5.765763377843869941e-01
5.800826261366505143e-01
5.835889144889140345e-01
5.870952028411774437e-01
5.906014911934409639e-01
5.941077795457044841e-01
5.976140678979678933e-01
6.011203562502314135e-01
6.046266446024949337e-01
6.081329329547584539e-01
6.116392213070218631e-01
6.151455096592853833e-01
6.186517980115489035e-01
6.221580863638123127e-01
6.256643747160758329e-01
6.291706630683393531e-01
6.326769514206028733e-01
6.361832397728662825e-01
6.396895281251298027e-01
6.431958164773933229e-01
6.467021048296567320e-01
6.502083931819202522e-01
6.537146815341837724e-01
6.572209698864472927e-01
6.607272582387107018e-01
6.642335465909742220e-01
6.677398349432377422e-01
6.712461232955011514e-01
6.747524116477646716e-01
6.782587000000281918e-01
6.817649883522916010e-01
6.852712767045551212e-01
6.887775650568186414e-01
6.922838534090821616e-01
6.957901417613455708e-01
6.992964301136090910e-01
7.028027184658726112e-01
7.063090068181360204e-01
7.098152951703995406e-01
7.133215835226630608e-01
7.168278718749265810e-01
7.203341602271899902e-01
7.238404485794535104e-01
7.273467369317170306e-01
7.308530252839804398e-01
7.343593136362439600e-01
7.378656019885074802e-01
7.413718903407708893e-01
7.448781786930344095e-01
7.483844670452979297e-01
7.518907553975614499e-01
7.553970437498248591e-01
7.589033321020883793e-01
7.624096204543518995e-01
7.659159088066153087e-01
7.694221971588788289e-01
7.729284855111423491e-01
7.764347738634058693e-01
7.799410622156692785e-01
7.834473505679327987e-01
7.869536389201963189e-01
7.904599272724597281e-01
7.939662156247232483e-01
7.974725039769867685e-01
8.009787923292501777e-01
8.044850806815136979e-01
8.079913690337772181e-01
8.114976573860407383e-01
8.150039457383041475e-01
8.185102340905676677e-01
8.220165224428311879e-01
8.255228107950945970e-01
8.290290991473581172e-01
8.325353874996216375e-01
8.360416758518851577e-01
8.395479642041485668e-01
8.430542525564120870e-01
8.465605409086756072e-01
8.500668292609390164e-01
8.535731176132025366e-01
8.570794059654660568e-01
8.605856943177295770e-01
8.640919826699929862e-01
8.675982710222565064e-01
8.711045593745200266e-01
8.746108477267834358e-01
8.781171360790469560e-01
8.816234244313104762e-01
8.851297127835738854e-01
8.886360011358374056e-01
8.921422894881009258e-01
8.956485778403644460e-01
8.991548661926278552e-01
9.026611545448913754e-01
9.061674428971548956e-01
9.096737312494183048e-01
9.131800196016818250e-01
9.166863079539453452e-01
9.201925963062088654e-01
9.236988846584722745e-01
9.272051730107357947e-01
9.307114613629993150e-01
9.342177497152627241e-01
9.377240380675262443e-01
9.412303264197897645e-01
9.447366147720531737e-01
9.482429031243166939e-01
9.517491914765802141e-01
9.552554798288437343e-01
9.587617681811071435e-01
9.622680565333706637e-01
9.657743448856341839e-01
9.692806332378975931e-01
9.727869215901611133e-01
9.762932099424246335e-01
9.797994982946881537e-01
9.833057866469515629e-01
9.868120749992150831e-01
9.903183633514786033e-01
9.938246517037420125e-01
9.973309400560055327e-01
1.000837228408268942e+00
1.004343516760532573e+00
1.007849805112795982e+00
1.011356093465059391e+00
1.014862381817323023e+00
1.018368670169586654e+00
1.021874958521849841e+00
1.025381246874113472e+00
1.028887535226377103e+00
1.032393823578640291e+00
1.035900111930903922e+00
1.039406400283167553e+00
1.042912688635430740e+00
1.046418976987694371e+00
1.049925265339958003e+00
1.053431553692221190e+00
1.056937842044484821e+00
1.060444130396748452e+00
1.063950418749011639e+00
1.067456707101275271e+00
1.070962995453538902e+00
1.074469283805802089e+00
1.077975572158065720e+00
1.081481860510329351e+00
1.084988148862592761e+00
1.088494437214856170e+00
1.092000725567119801e+00
1.095507013919383210e+00
1.099013302271646619e+00
1.102519590623910251e+00
1.106025878976173660e+00
1.109532167328437069e+00
1.113038455680700700e+00
1.116544744032964109e+00
1.120051032385227519e+00
1.123557320737491150e+00
1.127063609089754559e+00
1.130569897442017968e+00
1.134076185794281599e+00
1.137582474146545231e+00
1.141088762498808418e+00
1.144595050851072049e+00
1.148101339203335680e+00
1.151607627555598867e+00
1.155113915907862498e+00
1.158620204260126130e+00
1.162126492612389317e+00
1.165632780964652948e+00
1.169139069316916579e+00
1.172645357669179766e+00
1.176151646021443398e+00
1.179657934373707029e+00
1.183164222725970216e+00
1.186670511078233847e+00
1.190176799430497478e+00
1.193683087782760666e+00
1.197189376135024297e+00
1.200695664487287928e+00
1.204201952839551337e+00
1.207708241191814746e+00
1.211214529544078378e+00
1.214720817896341787e+00
1.218227106248605196e+00
1.221733394600868827e+00
1.225239682953132236e+00
1.228745971305395646e+00
1.232252259657659277e+00
1.235758548009922686e+00
1.239264836362186095e+00
1.242771124714449726e+00
1.246277413066713136e+00
1.249783701418976545e+00
1.253289989771240176e+00
1.256796278123503807e+00
1.260302566475766994e+00
1.263808854828030626e+00
1.267315143180294257e+00
1.270821431532557444e+00
1.274327719884821075e+00
1.277834008237084706e+00
1.281340296589347894e+00
1.284846584941611525e+00
1.288352873293875156e+00
1.291859161646138343e+00
1.295365449998401974e+00
1.298871738350665606e+00
1.302378026702928793e+00
1.305884315055192424e+00
1.309390603407456055e+00
1.312896891759719464e+00
1.316403180111982874e+00
1.319909468464246505e+00
1.323415756816509914e+00
1.326922045168773323e+00
1.330428333521036954e+00
1.333934621873300364e+00
1.337440910225563773e+00
1.340947198577827404e+00
1.344453486930090813e+00
1.347959775282354222e+00
1.351466063634617853e+00
1.354972351986881263e+00
1.358478640339144672e+00
1.361984928691408303e+00
1.365491217043671934e+00
1.368997505395935121e+00
1.372503793748198753e+00
1.376010082100462384e+00
1.379516370452725571e+00
1.383022658804989202e+00
1.386528947157252833e+00
1.390035235509516021e+00
1.393541523861779652e+00
1.397047812214043283e+00
1.400554100566306470e+00
1.404060388918570101e+00
1.407566677270833733e+00
1.411072965623096920e+00
1.414579253975360551e+00
1.418085542327624182e+00
1.421591830679887369e+00
1.425098119032151001e+00
1.428604407384414632e+00
1.432110695736678041e+00
1.435616984088941450e+00
1.439123272441205081e+00
1.442629560793468491e+00
1.446135849145731900e+00
1.449642137497995531e+00
1.453148425850258940e+00
1.456654714202522349e+00
1.460161002554785981e+00
1.463667290907049390e+00
1.467173579259312799e+00
1.470679867611576430e+00
1.474186155963839839e+00
1.477692444316103249e+00
1.481198732668366880e+00
1.484705021020630511e+00
1.488211309372893698e+00
1.491717597725157329e+00
1.495223886077420961e+00
1.498730174429684148e+00
1.502236462781947779e+00
1.505742751134211410e+00
1.509249039486474597e+00
1.512755327838738229e+00
1.516261616191001860e+00
1.519767904543265047e+00
1.523274192895528678e+00
1.526780481247792309e+00
1.530286769600055496e+00
1.533793057952319128e+00
1.537299346304582759e+00
1.540805634656845946e+00
1.544311923009109577e+00
1.547818211361373208e+00
1.551324499713636618e+00
1.554830788065900027e+00
1.558337076418163658e+00
1.561843364770427067e+00
1.565349653122690476e+00
1.568855941474954108e+00
1.572362229827217517e+00
1.575868518179480926e+00
1.579374806531744557e+00
1.582881094884007966e+00
1.586387383236271376e+00
1.589893671588535007e+00
1.593399959940798416e+00
1.596906248293061825e+00
1.600412536645325456e+00
1.603918824997589088e+00
1.607425113349852275e+00
1.610931401702115906e+00
1.614437690054379537e+00
1.617943978406642724e+00
1.621450266758906356e+00
1.624956555111169987e+00
1.628462843463433174e+00
1.631969131815696805e+00
1.635475420167960436e+00
1.638981708520223624e+00
1.642487996872487255e+00
1.645994285224750886e+00
1.649500573577014073e+00
1.653006861929277704e+00
1.656513150281541336e+00
1.660019438633804745e+00
1.663525726986068154e+00
1.667032015338331785e+00
1.670538303690595194e+00
1.674044592042858604e+00
1.677550880395122235e+00
1.681057168747385644e+00
1.684563457099649053e+00
1.688069745451912684e+00
1.691576033804176094e+00
1.695082322156439503e+00
1.698588610508703134e+00
1.702094898860966543e+00
1.705601187213229952e+00
1.709107475565493584e+00
1.712613763917757215e+00
1.716120052270020402e+00
1.719626340622284033e+00
1.723132628974547664e+00
1.726638917326810851e+00
1.730145205679074483e+00
1.733651494031338114e+00
1.737157782383601301e+00
1.740664070735864932e+00
1.744170359088128563e+00
1.747676647440391751e+00
1.751182935792655382e+00
1.754689224144919013e+00
1.758195512497182200e+00
1.761701800849445831e+00
1.765208089201709463e+00
1.768714377553972650e+00
1.772220665906236281e+00
1.775726954258499912e+00
1.779233242610763321e+00
1.782739530963026731e+00
1.786245819315290362e+00
1.789752107667553771e+00
1.793258396019817180e+00
1.796764684372080811e+00
1.800270972724344221e+00
1.803777261076607630e+00
1.807283549428871261e+00
1.810789837781134670e+00
1.814296126133398079e+00
1.817802414485661711e+00
1.821308702837925120e+00
1.824814991190188529e+00
1.828321279542452160e+00
1.831827567894715791e+00
1.835333856246978979e+00
1.838840144599242610e+00
1.842346432951506241e+00
1.845852721303769428e+00
1.849359009656033059e+00
1.852865298008296691e+00
1.856371586360559878e+00
1.859877874712823509e+00
1.863384163065087140e+00
1.866890451417350327e+00
1.870396739769613959e+00
1.873903028121877590e+00
1.877409316474140777e+00
1.880915604826404408e+00
1.884421893178668039e+00
1.887928181530931226e+00
1.891434469883194858e+00
1.894940758235458489e+00
1.898447046587721898e+00
1.901953334939985307e+00
1.905459623292248938e+00
1.908965911644512348e+00
1.912472199996775757e+00
1.915978488349039388e+00
1.919484776701302797e+00
1.922991065053566206e+00
1.926497353405829838e+00
1.930003641758093247e+00
1.933509930110356656e+00
1.937016218462620287e+00
1.940522506814883696e+00
1.944028795167147106e+00
1.947535083519410737e+00
1.951041371871674368e+00
1.954547660223937555e+00
1.958053948576201186e+00
1.961560236928464818e+00
1.965066525280728005e+00
1.968572813632991636e+00
1.972079101985255267e+00
1.975585390337518454e+00
1.979091678689782086e+00
1.982597967042045717e+00
1.986104255394308904e+00
1.989610543746572535e+00
1.993116832098836166e+00
1.996623120451099354e+00
2.000129408803362985e+00
2.003635697155626616e+00
2.007141985507889803e+00
2.010648273860153434e+00
2.014154562212417066e+00
2.017660850564680253e+00
2.021167138916943884e+00
2.024673427269207515e+00
2.028179715621470702e+00
2.031686003973734334e+00
2.035192292325997965e+00
2.038698580678261596e+00
2.042204869030524783e+00
2.045711157382788414e+00
2.049217445735052046e+00
2.052723734087315233e+00
2.056230022439578864e+00
2.059736310791842495e+00
2.063242599144105682e+00
2.066748887496369314e+00
2.070255175848632945e+00
2.073761464200896132e+00
2.077267752553159763e+00
2.080774040905423394e+00
2.084280329257686581e+00
2.087786617609950213e+00
2.091292905962213844e+00
2.094799194314477031e+00
2.098305482666740662e+00
2.101811771019004293e+00
2.105318059371267481e+00
2.108824347723531112e+00
2.112330636075794743e+00
2.115836924428057930e+00
2.119343212780321561e+00
2.122849501132585193e+00
2.126355789484848380e+00
2.129862077837112011e+00
2.133368366189375642e+00
2.136874654541638829e+00
2.140380942893902461e+00
2.143887231246166092e+00
2.147393519598429279e+00
2.150899807950692910e+00
2.154406096302956541e+00
2.157912384655220173e+00
2.161418673007483360e+00
2.164924961359746991e+00
2.168431249712010622e+00
2.171937538064273809e+00
2.175443826416537441e+00
2.178950114768801072e+00
2.182456403121064259e+00
2.185962691473327890e+00
2.189468979825591521e+00
2.192975268177854709e+00
2.196481556530118340e+00
2.199987844882381971e+00
2.203494133234645158e+00
2.207000421586908789e+00
2.210506709939172421e+00
2.214012998291435608e+00
2.217519286643699239e+00
2.221025574995962870e+00
2.224531863348226057e+00
2.228038151700489689e+00
2.231544440052753320e+00
2.235050728405016507e+00
2.238557016757280138e+00
2.242063305109543769e+00
2.245569593461806956e+00
2.249075881814070588e+00
2.252582170166334219e+00
2.256088458518597406e+00
2.259594746870861037e+00
2.263101035223124669e+00
2.266607323575388300e+00
2.270113611927651487e+00
2.273619900279915118e+00
2.277126188632178749e+00
2.280632476984441936e+00
2.284138765336705568e+00
2.287645053688969199e+00
2.291151342041232386e+00
2.294657630393496017e+00
2.298163918745759648e+00
2.301670207098022836e+00
2.305176495450286467e+00
2.308682783802550098e+00
2.312189072154813285e+00
2.315695360507076916e+00
2.319201648859340548e+00
2.322707937211603735e+00
2.326214225563867366e+00
2.329720513916130997e+00
2.333226802268394184e+00
2.336733090620657816e+00
2.340239378972921447e+00
2.343745667325184634e+00
2.347251955677448265e+00
2.350758244029711896e+00
2.354264532381975084e+00
2.357770820734238715e+00
2.361277109086502346e+00
2.364783397438765533e+00
2.368289685791029164e+00
2.371795974143292796e+00
2.375302262495555983e+00
2.378808550847819614e+00
2.382314839200083245e+00
2.385821127552346876e+00
2.389327415904610064e+00
2.392833704256873695e+00
2.396339992609137326e+00
2.399846280961400513e+00
2.403352569313664144e+00
2.406858857665927776e+00
2.410365146018190963e+00
2.413871434370454594e+00
2.417377722722718225e+00
2.420884011074981412e+00
2.424390299427245044e+00
2.427896587779508675e+00
2.431402876131771862e+00
2.434909164484035493e+00
2.438415452836299124e+00
2.441921741188562311e+00
2.445428029540825943e+00
2.448934317893089574e+00
2.452440606245352761e+00
2.455946894597616392e+00
2.459453182949880024e+00
2.462959471302143211e+00
2.466465759654406842e+00
2.469972048006670473e+00
2.473478336358933660e+00
2.476984624711197291e+00
2.480490913063460923e+00
2.483997201415724110e+00
2.487503489767987741e+00
2.491009778120251372e+00
2.494516066472514559e+00
2.498022354824778191e+00
2.501528643177041822e+00
2.505034931529305453e+00
2.508541219881568640e+00
2.512047508233832271e+00
2.515553796586095903e+00
2.519060084938359090e+00
2.522566373290622721e+00
2.526072661642886352e+00
2.529578949995149539e+00
2.533085238347413171e+00
2.536591526699676802e+00
2.540097815051939989e+00
2.543604103404203620e+00
2.547110391756467251e+00
2.550616680108730439e+00
2.554122968460994070e+00
2.557629256813257701e+00
2.561135545165520888e+00
2.564641833517784519e+00
2.568148121870048151e+00
2.571654410222311338e+00
2.575160698574574969e+00
2.578666986926838600e+00
2.582173275279101787e+00
2.585679563631365419e+00
2.589185851983629050e+00
2.592692140335892237e+00
2.596198428688155868e+00
2.599704717040419499e+00
2.603211005392682686e+00
2.606717293744946318e+00
2.610223582097209949e+00
2.613729870449473580e+00
2.617236158801736767e+00
2.620742447154000399e+00
2.624248735506264030e+00
2.627755023858527217e+00
2.631261312210790848e+00
2.634767600563054479e+00
2.638273888915317666e+00
2.641780177267581298e+00
2.645286465619844929e+00
2.648792753972108116e+00
2.652299042324371747e+00
2.655805330676635378e+00
2.659311619028898566e+00
2.662817907381162197e+00
2.666324195733425828e+00
2.669830484085689015e+00
2.673336772437952646e+00
2.676843060790216278e+00
2.680349349142479465e+00
2.683855637494743096e+00
2.687361925847006727e+00
2.690868214199269914e+00
2.694374502551533546e+00
2.697880790903797177e+00
2.701387079256060364e+00
2.704893367608323995e+00
2.708399655960587626e+00
2.711905944312850814e+00
2.715412232665114445e+00
2.718918521017378076e+00
2.722424809369641263e+00
2.725931097721904894e+00
2.729437386074168526e+00
2.732943674426432157e+00
2.736449962778695344e+00
2.739956251130958975e+00
2.743462539483222606e+00
2.746968827835485794e+00
2.750475116187749425e+00
2.753981404540013056e+00
2.757487692892276243e+00
2.760993981244539874e+00
2.764500269596803506e+00
2.768006557949066693e+00
2.771512846301330324e+00
2.775019134653593955e+00
2.778525423005857142e+00
2.782031711358120774e+00
2.785537999710384405e+00
2.789044288062647592e+00
2.792550576414911223e+00
2.796056864767174854e+00
2.799563153119438041e+00
2.803069441471701673e+00
2.806575729823965304e+00
2.810082018176228491e+00
2.813588306528492122e+00
2.817094594880755754e+00
2.820600883233018941e+00
2.824107171585282572e+00
2.827613459937546203e+00
2.831119748289809390e+00
2.834626036642073021e+00
2.838132324994336653e+00
2.841638613346599840e+00
2.845144901698863471e+00
2.848651190051127102e+00
2.852157478403390733e+00
2.855663766755653921e+00
2.859170055107917552e+00
2.862676343460181183e+00
2.866182631812444370e+00
2.869688920164708001e+00
2.873195208516971633e+00
2.876701496869234820e+00
2.880207785221498451e+00
2.883714073573762082e+00
2.887220361926025269e+00
2.890726650278288901e+00
2.894232938630552532e+00
2.897739226982815719e+00
2.901245515335079350e+00
2.904751803687342981e+00
2.908258092039606169e+00
2.911764380391869800e+00
2.915270668744133431e+00
2.918776957096396618e+00
2.922283245448660249e+00
2.925789533800923881e+00
2.929295822153187068e+00
2.932802110505450699e+00
2.936308398857714330e+00
2.939814687209977517e+00
2.943320975562241149e+00
2.946827263914504780e+00
2.950333552266767967e+00
2.953839840619031598e+00
2.957346128971295229e+00
2.960852417323558861e+00
2.964358705675822048e+00
2.967864994028085679e+00
2.971371282380349310e+00
2.974877570732612497e+00
2.978383859084876129e+00
2.981890147437139760e+00
2.985396435789402947e+00
2.988902724141666578e+00
2.992409012493930209e+00
2.995915300846193396e+00
2.999421589198457028e+00
3.002927877550720659e+00
3.006434165902983846e+00
3.009940454255247477e+00
3.013446742607511109e+00
3.016953030959774296e+00
3.020459319312037927e+00
3.023965607664301558e+00
3.027471896016564745e+00
3.030978184368828376e+00
3.034484472721092008e+00
3.037990761073355195e+00
3.041497049425618826e+00
3.045003337777882457e+00
3.048509626130145644e+00
3.052015914482409276e+00
3.055522202834672907e+00
3.059028491186936094e+00
3.062534779539199725e+00
3.066041067891463356e+00
3.069547356243726544e+00
3.073053644595990175e+00
3.076559932948253806e+00
3.080066221300517437e+00
3.083572509652780624e+00
3.087078798005044256e+00
3.090585086357307887e+00
3.094091374709571074e+00
3.097597663061834705e+00
3.101103951414098336e+00
3.104610239766361524e+00
3.108116528118625155e+00
3.111622816470888786e+00
3.115129104823151973e+00
3.118635393175415604e+00
3.122141681527679236e+00
3.125647969879942423e+00
3.129154258232206054e+00
3.132660546584469685e+00
3.136166834936732872e+00
3.139673123288996504e+00
3.143179411641260135e+00
3.146685699993523322e+00
3.150191988345786953e+00
3.153698276698050584e+00
3.157204565050313771e+00
3.160710853402577403e+00
3.164217141754841034e+00
3.167723430107104221e+00
3.171229718459367852e+00
3.174736006811631484e+00
3.178242295163894671e+00
3.181748583516158302e+00
3.185254871868421933e+00
3.188761160220685120e+00
3.192267448572948751e+00
3.195773736925212383e+00
3.199280025277476014e+00
3.202786313629739201e+00
3.206292601982002832e+00
3.209798890334266463e+00
3.213305178686529651e+00
3.216811467038793282e+00
3.220317755391056913e+00
3.223824043743320100e+00
3.227330332095583731e+00
3.230836620447847363e+00
3.234342908800110550e+00
3.237849197152374181e+00
3.241355485504637812e+00
3.244861773856900999e+00
3.248368062209164631e+00
3.251874350561428262e+00
3.255380638913691449e+00
3.258886927265955080e+00
3.262393215618218711e+00
3.265899503970481899e+00
3.269405792322745530e+00
3.272912080675009161e+00
3.276418369027272348e+00
3.279924657379535979e+00
3.283430945731799611e+00
3.286937234084062798e+00
3.290443522436326429e+00
3.293949810788590060e+00
3.297456099140853247e+00
3.300962387493116879e+00
3.304468675845380510e+00
3.307974964197644141e+00
3.311481252549907328e+00
3.314987540902170959e+00
3.318493829254434591e+00
3.322000117606697778e+00
3.325506405958961409e+00
3.329012694311225040e+00
3.332518982663488227e+00
3.336025271015751859e+00
3.339531559368015490e+00
3.343037847720278677e+00
3.346544136072542308e+00
3.350050424424805939e+00
3.353556712777069126e+00
3.357063001129332758e+00
3.360569289481596389e+00
3.364075577833859576e+00
3.367581866186123207e+00
3.371088154538386839e+00
3.374594442890650026e+00
3.378100731242913657e+00
3.381607019595177288e+00
3.385113307947440475e+00
3.388619596299704106e+00
3.392125884651967738e+00
3.395632173004230925e+00
3.399138461356494556e+00
3.402644749708758187e+00
3.406151038061021374e+00
3.409657326413285006e+00
3.413163614765548637e+00
3.416669903117811824e+00
3.420176191470075455e+00
3.423682479822339086e+00
3.427188768174602718e+00
3.430695056526865905e+00
3.434201344879129536e+00
3.437707633231393167e+00
3.441213921583656354e+00
3.444720209935919986e+00
3.448226498288183617e+00
3.451732786640446804e+00
3.455239074992710435e+00
3.458745363344974066e+00
3.462251651697237254e+00
3.465757940049500885e+00
3.469264228401764516e+00
3.472770516754027703e+00
3.476276805106291334e+00
3.479783093458554966e+00
3.483289381810818153e+00
3.486795670163081784e+00
3.490301958515345415e+00
3.493808246867608602e+00
3.497314535219872234e+00
3.500820823572135865e+00
