5.501503417985365019e-01
5.503006423247783774e-01
5.504509428510203639e-01
5.506012433772623504e-01
5.507515439035042260e-01
5.509018444297462125e-01
5.510521449559881990e-01
5.512024454822301855e-01
5.513527460084720611e-01
5.515030465347140476e-01
5.516533470609560341e-01
5.518036475871979096e-01
5.519539481134398962e-01
5.521042486396818827e-01
5.522545491659237582e-01
5.524048496921657447e-01
5.525551502184077313e-01
5.527054507446497178e-01
5.528557512708915933e-01
5.530060517971335798e-01
5.531563523233755664e-01
5.533066528496174419e-01
5.534569533758594284e-01
5.536072539021014149e-01
5.537575544283432905e-01
5.539078549545852770e-01
5.540581554808272635e-01
5.542084560070692500e-01
5.543587565333111256e-01
5.545090570595531121e-01
5.546593575857950986e-01
5.548096581120369741e-01
5.549599586382789607e-01
5.551102591645209472e-01
5.552605596907628227e-01
5.554108602170048092e-01
5.555611607432467958e-01
5.557114612694887823e-01
5.558617617957306578e-01
5.560120623219726443e-01
5.561623628482146309e-01
5.563126633744565064e-01
5.564629639006984929e-01
5.566132644269404794e-01
5.567635649531823550e-01
5.569138654794243415e-01
5.570641660056663280e-01
5.572144665319082035e-01
5.573647670581501901e-01
5.575150675843921766e-01
5.576653681106341631e-01
5.578156686368760386e-01
5.579659691631180252e-01
5.581162696893600117e-01
5.582665702156018872e-01
5.584168707418438737e-01
5.585671712680858603e-01
5.587174717943277358e-01
5.588677723205697223e-01
5.590180728468117088e-01
5.591683733730536954e-01
5.593186738992955709e-01
5.594689744255375574e-01
5.596192749517795439e-01
5.597695754780214195e-01
5.599198760042634060e-01
5.600701765305053925e-01
5.602204770567472680e-01
5.603707775829892546e-01
5.605210781092312411e-01
5.606713786354732276e-01
5.608216791617151031e-01
5.609719796879570897e-01
5.611222802141990762e-01
5.612725807404409517e-01
5.614228812666829382e-01
5.615731817929249248e-01
5.617234823191668003e-01
5.618737828454087868e-01
5.620240833716507733e-01
5.621743838978927599e-01
5.623246844241346354e-01
5.624749849503766219e-01
5.626252854766186084e-01
5.627755860028604840e-01
5.629258865291024705e-01
5.630761870553444570e-01
5.632264875815863325e-01
5.633767881078283191e-01
5.635270886340703056e-01
5.636773891603121811e-01
5.638276896865541676e-01
5.639779902127961542e-01
5.641282907390381407e-01
5.642785912652800162e-01
5.644288917915220027e-01
5.645791923177639893e-01
5.647294928440058648e-01
5.648797933702478513e-01
5.650300938964898378e-01
5.651803944227317134e-01
5.653306949489736999e-01
5.654809954752156864e-01
5.656312960014576730e-01
5.657815965276995485e-01
5.659318970539415350e-01
5.660821975801835215e-01
5.662324981064253970e-01
5.663827986326673836e-01
5.665330991589093701e-01
5.666833996851512456e-01
5.668337002113932321e-01
5.669840007376352187e-01
5.671343012638772052e-01
5.672846017901190807e-01
5.674349023163610672e-01
5.675852028426030538e-01
5.677355033688449293e-01
5.678858038950869158e-01
5.680361044213289023e-01
5.681864049475707779e-01
5.683367054738127644e-01
5.684870060000547509e-01
5.686373065262966264e-01
5.687876070525386130e-01
5.689379075787805995e-01
5.690882081050225860e-01
5.692385086312644615e-01
5.693888091575064481e-01
5.695391096837484346e-01
5.696894102099903101e-01
5.698397107362322966e-01
5.699900112624742832e-01
5.701403117887161587e-01
5.702906123149581452e-01
5.704409128412001317e-01
5.705912133674421183e-01
5.707415138936839938e-01
5.708918144199259803e-01
5.710421149461679668e-01
5.711924154724098424e-01
5.713427159986518289e-01
5.714930165248938154e-01
5.716433170511356909e-01
5.717936175773776775e-01
5.719439181036196640e-01
5.720942186298616505e-01
5.722445191561035260e-01
5.723948196823455126e-01
5.725451202085874991e-01
5.726954207348293746e-01
5.728457212610713611e-01
5.729960217873133477e-01
5.731463223135552232e-01
5.732966228397972097e-01
5.734469233660391962e-01
5.735972238922810718e-01
5.737475244185230583e-01
5.738978249447650448e-01
5.740481254710070314e-01
5.741984259972489069e-01
5.743487265234908934e-01
5.744990270497328799e-01
5.746493275759747554e-01
5.747996281022167420e-01
5.749499286284587285e-01
5.751002291547006040e-01
5.752505296809425905e-01
5.754008302071845771e-01
5.755511307334265636e-01
5.757014312596684391e-01
5.758517317859104256e-01
5.760020323121524122e-01
5.761523328383942877e-01
5.763026333646362742e-01
5.764529338908782607e-01
5.766032344171201363e-01
5.767535349433621228e-01
5.769038354696041093e-01
5.770541359958460959e-01
5.772044365220879714e-01
5.773547370483299579e-01
5.775050375745719444e-01
5.776553381008138199e-01
5.778056386270558065e-01
5.779559391532977930e-01
5.781062396795396685e-01
5.782565402057816550e-01
5.784068407320236416e-01
5.785571412582656281e-01
5.787074417845075036e-01
5.788577423107494901e-01
5.790080428369914767e-01
5.791583433632333522e-01
5.793086438894753387e-01
5.794589444157173252e-01
5.796092449419592008e-01
5.797595454682011873e-01
5.799098459944431738e-01
5.800601465206851604e-01
5.802104470469270359e-01
5.803607475731690224e-01
5.805110480994110089e-01
5.806613486256528844e-01
5.808116491518948710e-01
5.809619496781368575e-01
5.811122502043787330e-01
5.812625507306207195e-01
5.814128512568627061e-01
5.815631517831045816e-01
5.817134523093465681e-01
5.818637528355885546e-01
5.820140533618305412e-01
5.821643538880724167e-01
5.823146544143144032e-01
5.824649549405563898e-01
5.826152554667982653e-01
5.827655559930402518e-01
5.829158565192822383e-01
5.830661570455241138e-01
5.832164575717661004e-01
5.833667580980080869e-01
5.835170586242500734e-01
5.836673591504919489e-01
5.838176596767339355e-01
5.839679602029759220e-01
5.841182607292177975e-01
5.842685612554597840e-01
5.844188617817017706e-01
5.845691623079436461e-01
5.847194628341856326e-01
5.848697633604276191e-01
5.850200638866696057e-01
5.851703644129114812e-01
5.853206649391534677e-01
5.854709654653954543e-01
5.856212659916373298e-01
5.857715665178793163e-01
5.859218670441213028e-01
5.860721675703631783e-01
5.862224680966051649e-01
5.863727686228471514e-01
5.865230691490890269e-01
5.866733696753310134e-01
5.868236702015730000e-01
5.869739707278149865e-01
5.871242712540568620e-01
5.872745717802988485e-01
5.874248723065408351e-01
5.875751728327827106e-01
5.877254733590246971e-01
5.878757738852666836e-01
5.880260744115086702e-01
5.881763749377505457e-01
5.883266754639925322e-01
5.884769759902345188e-01
5.886272765164763943e-01
5.887775770427183808e-01
5.889278775689603673e-01
5.890781780952022428e-01
5.892284786214442294e-01
5.893787791476862159e-01
5.895290796739280914e-01
5.896793802001700779e-01
5.898296807264120645e-01
5.899799812526540510e-01
5.901302817788959265e-01
5.902805823051379130e-01
5.904308828313798996e-01
5.905811833576217751e-01
5.907314838838637616e-01
5.908817844101057482e-01
5.910320849363476237e-01
5.911823854625896102e-01
5.913326859888315967e-01
5.914829865150734722e-01
5.916332870413154588e-01
5.917835875675574453e-01
5.919338880937994318e-01
5.920841886200413073e-01
5.922344891462832939e-01
5.923847896725252804e-01
5.925350901987671559e-01
5.926853907250091424e-01
5.928356912512511290e-01
5.929859917774931155e-01
5.931362923037349910e-01
5.932865928299769775e-01
5.934368933562189641e-01
5.935871938824608396e-01
5.937374944087028261e-01
5.938877949349448127e-01
5.940380954611866882e-01
5.941883959874286747e-01
5.943386965136706612e-01
5.944889970399125367e-01
5.946392975661545233e-01
5.947895980923965098e-01
5.949398986186384963e-01
5.950901991448803718e-01
5.952404996711223584e-01
5.953908001973643449e-01
5.955411007236062204e-01
5.956914012498482069e-01
5.958417017760901935e-01
5.959920023023320690e-01
5.961423028285740555e-01
5.962926033548160420e-01
5.964429038810579176e-01
5.965932044072999041e-01
5.967435049335418906e-01
5.968938054597838772e-01
5.970441059860257527e-01
5.971944065122677392e-01
5.973447070385097257e-01
5.974950075647516012e-01
5.976453080909935878e-01
5.977956086172355743e-01
5.979459091434775608e-01
5.980962096697194363e-01
5.982465101959614229e-01
5.983968107222034094e-01
5.985471112484452849e-01
5.986974117746872714e-01
5.988477123009292580e-01
5.989980128271711335e-01
5.991483133534131200e-01
5.992986138796551066e-01
5.994489144058969821e-01
5.995992149321389686e-01
5.997495154583809551e-01
5.998998159846229417e-01
6.000501165108648172e-01
6.002004170371068037e-01
6.003507175633487902e-01
6.005010180895906657e-01
6.006513186158326523e-01
6.008016191420746388e-01
6.009519196683165143e-01
6.011022201945585008e-01
6.012525207208004874e-01
6.014028212470424739e-01
6.015531217732843494e-01
6.017034222995263359e-01
6.018537228257683225e-01
6.020040233520101980e-01
6.021543238782521845e-01
6.023046244044941711e-01
6.024549249307360466e-01
6.026052254569780331e-01
6.027555259832200196e-01
6.029058265094620062e-01
6.030561270357038817e-01
6.032064275619458682e-01
6.033567280881878547e-01
6.035070286144297302e-01
6.036573291406717168e-01
6.038076296669137033e-01
6.039579301931555788e-01
6.041082307193975653e-01
6.042585312456395519e-01
6.044088317718814274e-01
6.045591322981234139e-01
6.047094328243654004e-01
6.048597333506073870e-01
6.050100338768492625e-01
6.051603344030912490e-01
6.053106349293332356e-01
6.054609354555751111e-01
6.056112359818170976e-01
6.057615365080590841e-01
6.059118370343010707e-01
6.060621375605429462e-01
6.062124380867849327e-01
6.063627386130269192e-01
6.065130391392687947e-01
6.066633396655107813e-01
6.068136401917527678e-01
6.069639407179946433e-01
6.071142412442366298e-01
6.072645417704786164e-01
6.074148422967204919e-01
6.075651428229624784e-01
6.077154433492044650e-01
6.078657438754464515e-01
6.080160444016883270e-01
6.081663449279303135e-01
6.083166454541723001e-01
6.084669459804141756e-01
6.086172465066561621e-01
6.087675470328981486e-01
6.089178475591400241e-01
6.090681480853820107e-01
6.092184486116239972e-01
6.093687491378658727e-01
6.095190496641078592e-01
6.096693501903498458e-01
6.098196507165918323e-01
6.099699512428337078e-01
6.101202517690756943e-01
6.102705522953176809e-01
6.104208528215595564e-01
6.105711533478015429e-01
6.107214538740435295e-01
6.108717544002855160e-01
6.110220549265273915e-01
6.111723554527693780e-01
6.113226559790113646e-01
6.114729565052532401e-01
6.116232570314952266e-01
6.117735575577372131e-01
6.119238580839790886e-01
6.120741586102210752e-01
6.122244591364630617e-01
6.123747596627049372e-01
6.125250601889469237e-01
6.126753607151889103e-01
6.128256612414308968e-01
6.129759617676727723e-01
6.131262622939147588e-01
6.132765628201567454e-01
6.134268633463986209e-01
6.135771638726406074e-01
6.137274643988825940e-01
6.138777649251245805e-01
6.140280654513664560e-01
6.141783659776084425e-01
6.143286665038503180e-01
6.144789670300923046e-01
6.146292675563342911e-01
6.147795680825762776e-01
6.149298686088181531e-01
6.150801691350601397e-01
6.152304696613021262e-01
6.153807701875440017e-01
6.155310707137859882e-01
6.156813712400279748e-01
6.158316717662699613e-01
6.159819722925118368e-01
6.161322728187538234e-01
6.162825733449958099e-01
6.164328738712376854e-01
6.165831743974796719e-01
6.167334749237216585e-01
6.168837754499635340e-01
6.170340759762055205e-01
6.171843765024475070e-01
6.173346770286893825e-01
6.174849775549313691e-01
6.176352780811733556e-01
6.177855786074153421e-01
6.179358791336572176e-01
6.180861796598992042e-01
6.182364801861411907e-01
6.183867807123830662e-01
6.185370812386250527e-01
6.186873817648670393e-01
6.188376822911090258e-01
6.189879828173509013e-01
6.191382833435928879e-01
6.192885838698347634e-01
6.194388843960767499e-01
6.195891849223187364e-01
6.197394854485607230e-01
6.198897859748025985e-01
6.200400865010445850e-01
6.201903870272865715e-01
6.203406875535284470e-01
6.204909880797704336e-01
6.206412886060124201e-01
6.207915891322544066e-01
6.209418896584962821e-01
6.210921901847382687e-01
6.212424907109802552e-01
6.213927912372221307e-01
6.215430917634641172e-01
6.216933922897061038e-01
6.218436928159479793e-01
6.219939933421899658e-01
6.221442938684319524e-01
6.222945943946738279e-01
6.224448949209158144e-01
6.225951954471578009e-01
6.227454959733997875e-01
6.228957964996416630e-01
6.230460970258836495e-01
6.231963975521256360e-01
6.233466980783675115e-01
6.234969986046094981e-01
6.236472991308514846e-01
6.237975996570934711e-01
6.239479001833353466e-01
6.240982007095773332e-01
6.242485012358193197e-01
6.243988017620611952e-01
6.245491022883031818e-01
6.246994028145451683e-01
6.248497033407870438e-01
6.250000038670290303e-01
6.251503043932710169e-01
6.253006049195128924e-01
6.254509054457548789e-01
6.256012059719968654e-01
6.257515064982388520e-01
6.259018070244807275e-01
6.260521075507227140e-01
6.262024080769647005e-01
6.263527086032065760e-01
6.265030091294485626e-01
6.266533096556905491e-01
6.268036101819324246e-01
6.269539107081744111e-01
6.271042112344163977e-01
6.272545117606582732e-01
6.274048122869002597e-01
6.275551128131422463e-01
6.277054133393842328e-01
6.278557138656261083e-01
6.280060143918680948e-01
6.281563149181100814e-01
6.283066154443519569e-01
6.284569159705939434e-01
6.286072164968359299e-01
6.287575170230779165e-01
6.289078175493197920e-01
6.290581180755617785e-01
6.292084186018037650e-01
6.293587191280456405e-01
6.295090196542876271e-01
6.296593201805296136e-01
6.298096207067714891e-01
6.299599212330134756e-01
6.301102217592554622e-01
6.302605222854973377e-01
6.304108228117393242e-01
6.305611233379813108e-01
6.307114238642232973e-01
6.308617243904651728e-01
6.310120249167071593e-01
6.311623254429491459e-01
6.313126259691910214e-01
6.314629264954330079e-01
6.316132270216749944e-01
6.317635275479169810e-01
6.319138280741588565e-01
6.320641286004008430e-01
6.322144291266427185e-01
6.323647296528847050e-01
6.325150301791266916e-01
6.326653307053686781e-01
6.328156312316105536e-01
6.329659317578525402e-01
6.331162322840945267e-01
6.332665328103364022e-01
6.334168333365783887e-01
6.335671338628203753e-01
6.337174343890623618e-01
6.338677349153042373e-01
6.340180354415462238e-01
6.341683359677882104e-01
6.343186364940300859e-01
6.344689370202720724e-01
6.346192375465140589e-01
6.347695380727559344e-01
6.349198385989979210e-01
6.350701391252399075e-01
6.352204396514817830e-01
6.353707401777237695e-01
6.355210407039657561e-01
6.356713412302077426e-01
6.358216417564496181e-01
6.359719422826916047e-01
6.361222428089335912e-01
6.362725433351754667e-01
6.364228438614174532e-01
6.365731443876594398e-01
6.367234449139014263e-01
6.368737454401433018e-01
6.370240459663852883e-01
6.371743464926271638e-01
6.373246470188691504e-01
6.374749475451111369e-01
6.376252480713531234e-01
6.377755485975949989e-01
6.379258491238369855e-01
6.380761496500789720e-01
6.382264501763208475e-01
6.383767507025628341e-01
6.385270512288048206e-01
6.386773517550468071e-01
6.388276522812886826e-01
6.389779528075306692e-01
6.391282533337726557e-01
6.392785538600145312e-01
6.394288543862565177e-01
6.395791549124985043e-01
6.397294554387403798e-01
6.398797559649823663e-01
6.400300564912243528e-01
6.401803570174662283e-01
6.403306575437082149e-01
6.404809580699502014e-01
6.406312585961921879e-01
6.407815591224340634e-01
6.409318596486760500e-01
6.410821601749180365e-01
6.412324607011599120e-01
6.413827612274018986e-01
6.415330617536438851e-01
6.416833622798858716e-01
6.418336628061277471e-01
6.419839633323697337e-01
6.421342638586117202e-01
6.422845643848535957e-01
6.424348649110955822e-01
6.425851654373375688e-01
6.427354659635794443e-01
6.428857664898214308e-01
6.430360670160634173e-01
6.431863675423052928e-01
6.433366680685472794e-01
6.434869685947892659e-01
6.436372691210312524e-01
6.437875696472731279e-01
6.439378701735151145e-01
6.440881706997571010e-01
6.442384712259989765e-01
6.443887717522409631e-01
6.445390722784829496e-01
6.446893728047248251e-01
6.448396733309668116e-01
6.449899738572087982e-01
6.451402743834506737e-01
6.452905749096926602e-01
6.454408754359346467e-01
6.455911759621766333e-01
6.457414764884185088e-01
6.458917770146604953e-01
6.460420775409024818e-01
6.461923780671443573e-01
6.463426785933863439e-01
6.464929791196283304e-01
6.466432796458703169e-01
6.467935801721121925e-01
6.469438806983541790e-01
6.470941812245961655e-01
6.472444817508380410e-01
6.473947822770800276e-01
6.475450828033220141e-01
6.476953833295638896e-01
6.478456838558058761e-01
6.479959843820478627e-01
6.481462849082897382e-01
6.482965854345317247e-01
6.484468859607737112e-01
6.485971864870156978e-01
6.487474870132575733e-01
6.488977875394995598e-01
6.490480880657415463e-01
6.491983885919834218e-01
6.493486891182254084e-01
6.494989896444673949e-01
6.496492901707093814e-01
6.497995906969512570e-01
6.499498912231932435e-01
6.501001917494351190e-01
6.502504922756771055e-01
6.504007928019190921e-01
6.505510933281610786e-01
6.507013938544029541e-01
6.508516943806449406e-01
6.510019949068869272e-01
6.511522954331288027e-01
6.513025959593707892e-01
6.514528964856127757e-01
6.516031970118547623e-01
6.517534975380966378e-01
6.519037980643386243e-01
6.520540985905806108e-01
6.522043991168224863e-01
6.523546996430644729e-01
6.525050001693064594e-01
6.526553006955483349e-01
6.528056012217903215e-01
6.529559017480323080e-01
6.531062022742741835e-01
6.532565028005161700e-01
6.534068033267581566e-01
6.535571038530001431e-01
6.537074043792420186e-01
6.538577049054840051e-01
6.540080054317259917e-01
6.541583059579678672e-01
6.543086064842098537e-01
6.544589070104518402e-01
6.546092075366938268e-01
6.547595080629357023e-01
6.549098085891776888e-01
6.550601091154195643e-01
6.552104096416615509e-01
6.553607101679035374e-01
6.555110106941455239e-01
6.556613112203873994e-01
6.558116117466293860e-01
6.559619122728713725e-01
6.561122127991132480e-01
6.562625133253552345e-01
6.564128138515972211e-01
6.565631143778392076e-01
6.567134149040810831e-01
6.568637154303230696e-01
6.570140159565650562e-01
6.571643164828069317e-01
6.573146170090489182e-01
6.574649175352909047e-01
6.576152180615327802e-01
6.577655185877747668e-01
6.579158191140167533e-01
6.580661196402586288e-01
6.582164201665006154e-01
6.583667206927426019e-01
6.585170212189845884e-01
6.586673217452264639e-01
6.588176222714684505e-01
6.589679227977104370e-01
6.591182233239523125e-01
6.592685238501942990e-01
6.594188243764362856e-01
6.595691249026782721e-01
6.597194254289201476e-01
6.598697259551621341e-01
6.600200264814041207e-01
6.601703270076459962e-01
6.603206275338879827e-01
6.604709280601299692e-01
6.606212285863718447e-01
6.607715291126138313e-01
6.609218296388558178e-01
6.610721301650976933e-01
6.612224306913396799e-01
6.613727312175816664e-01
6.615230317438236529e-01
6.616733322700655284e-01
6.618236327963075150e-01
6.619739333225495015e-01
6.621242338487913770e-01
6.622745343750333635e-01
6.624248349012753501e-01
6.625751354275172256e-01
6.627254359537592121e-01
6.628757364800011986e-01
6.630260370062430741e-01
6.631763375324850607e-01
6.633266380587270472e-01
6.634769385849690337e-01
6.636272391112109093e-01
6.637775396374528958e-01
6.639278401636948823e-01
6.640781406899367578e-01
6.642284412161787444e-01
6.643787417424207309e-01
6.645290422686627174e-01
6.646793427949045929e-01
6.648296433211465795e-01
6.649799438473885660e-01
6.651302443736304415e-01
6.652805448998724280e-01
6.654308454261144146e-01
6.655811459523562901e-01
6.657314464785982766e-01
6.658817470048402631e-01
6.660320475310821386e-01
6.661823480573241252e-01
6.663326485835661117e-01
6.664829491098080982e-01
6.666332496360499738e-01
6.667835501622919603e-01
6.669338506885339468e-01
6.670841512147758223e-01
6.672344517410178089e-01
6.673847522672597954e-01
6.675350527935017819e-01
6.676853533197436574e-01
6.678356538459856440e-01
6.679859543722275195e-01
6.681362548984695060e-01
6.682865554247114925e-01
6.684368559509534791e-01
6.685871564771953546e-01
6.687374570034373411e-01
6.688877575296793276e-01
6.690380580559212031e-01
6.691883585821631897e-01
6.693386591084051762e-01
6.694889596346471627e-01
6.696392601608890383e-01
6.697895606871310248e-01
6.699398612133730113e-01
6.700901617396148868e-01
6.702404622658568734e-01
6.703907627920988599e-01
6.705410633183407354e-01
6.706913638445827219e-01
6.708416643708247085e-01
6.709919648970665840e-01
6.711422654233085705e-01
6.712925659495505570e-01
6.714428664757925436e-01
6.715931670020344191e-01
6.717434675282764056e-01
6.718937680545183921e-01
6.720440685807602677e-01
6.721943691070022542e-01
6.723446696332442407e-01
6.724949701594862272e-01
6.726452706857281028e-01
6.727955712119700893e-01
6.729458717382120758e-01
6.730961722644539513e-01
6.732464727906959379e-01
6.733967733169379244e-01
6.735470738431797999e-01
6.736973743694217864e-01
6.738476748956637730e-01
6.739979754219056485e-01
6.741482759481476350e-01
6.742985764743896215e-01
6.744488770006316081e-01
6.745991775268734836e-01
6.747494780531154701e-01
6.748997785793574566e-01
6.750500791055993322e-01
6.752003796318413187e-01
6.753506801580833052e-01
6.755009806843252917e-01
6.756512812105671673e-01
6.758015817368091538e-01
6.759518822630510293e-01
6.761021827892930158e-01
6.762524833155350024e-01
6.764027838417769889e-01
6.765530843680188644e-01
6.767033848942608509e-01
6.768536854205028375e-01
6.770039859467447130e-01
6.771542864729866995e-01
6.773045869992286860e-01
6.774548875254706726e-01
6.776051880517125481e-01
6.777554885779545346e-01
6.779057891041964101e-01
6.780560896304383967e-01
6.782063901566803832e-01
6.783566906829223697e-01
6.785069912091642452e-01
6.786572917354062318e-01
6.788075922616482183e-01
6.789578927878900938e-01
6.791081933141320803e-01
6.792584938403740669e-01
6.794087943666160534e-01
6.795590948928579289e-01
6.797093954190999154e-01
6.798596959453419020e-01
6.800099964715837775e-01
6.801602969978257640e-01
6.803105975240677505e-01
6.804608980503097371e-01
6.806111985765516126e-01
6.807614991027935991e-01
6.809117996290354746e-01
6.810621001552774612e-01
6.812124006815194477e-01
6.813627012077614342e-01
6.815130017340033097e-01
6.816633022602452963e-01
6.818136027864872828e-01
6.819639033127291583e-01
6.821142038389711448e-01
6.822645043652131314e-01
6.824148048914551179e-01
6.825651054176969934e-01
6.827154059439389799e-01
6.828657064701808554e-01
6.830160069964228420e-01
6.831663075226648285e-01
6.833166080489068150e-01
6.834669085751488016e-01
6.836172091013906771e-01
6.837675096276326636e-01
6.839178101538745391e-01
6.840681106801165257e-01
6.842184112063585122e-01
6.843687117326004987e-01
6.845190122588423742e-01
6.846693127850843608e-01
6.848196133113263473e-01
6.849699138375682228e-01
6.851202143638102093e-01
6.852705148900521959e-01
6.854208154162941824e-01
6.855711159425360579e-01
6.857214164687780444e-01
6.858717169950199199e-01
6.860220175212619065e-01
6.861723180475038930e-01
6.863226185737458795e-01
6.864729190999877551e-01
6.866232196262297416e-01
6.867735201524717281e-01
6.869238206787136036e-01
6.870741212049555902e-01
6.872244217311975767e-01
6.873747222574395632e-01
6.875250227836814387e-01
6.876753233099234253e-01
6.878256238361653008e-01
6.879759243624072873e-01
6.881262248886492738e-01
6.882765254148912604e-01
6.884268259411332469e-01
6.885771264673751224e-01
6.887274269936171089e-01
6.888777275198589845e-01
6.890280280461009710e-01
6.891783285723429575e-01
6.893286290985849440e-01
6.894789296248268196e-01
6.896292301510688061e-01
6.897795306773107926e-01
6.899298312035526681e-01
6.900801317297946547e-01
6.902304322560366412e-01
6.903807327822786277e-01
6.905310333085205032e-01
6.906813338347624898e-01
6.908316343610043653e-01
6.909819348872463518e-01
6.911322354134883383e-01
6.912825359397303249e-01
6.914328364659722004e-01
6.915831369922141869e-01
6.917334375184561734e-01
6.918837380446980490e-01
6.920340385709400355e-01
6.921843390971820220e-01
6.923346396234240085e-01
6.924849401496658841e-01
6.926352406759078706e-01
6.927855412021498571e-01
6.929358417283917326e-01
6.930861422546337192e-01
6.932364427808757057e-01
6.933867433071176922e-01
6.935370438333595677e-01
6.936873443596015543e-01
6.938376448858434298e-01
6.939879454120854163e-01
6.941382459383274028e-01
6.942885464645693894e-01
6.944388469908112649e-01
6.945891475170532514e-01
6.947394480432952379e-01
6.948897485695371135e-01
6.950400490957791000e-01
6.951903496220210865e-01
6.953406501482630730e-01
6.954909506745049486e-01
6.956412512007469351e-01
6.957915517269888106e-01
6.959418522532307971e-01
6.960921527794727837e-01
6.962424533057147702e-01
6.963927538319566457e-01
6.965430543581986322e-01
6.966933548844406188e-01
6.968436554106824943e-01
6.969939559369244808e-01
6.971442564631664673e-01
6.972945569894084539e-01
6.974448575156503294e-01
6.975951580418923159e-01
6.977454585681343024e-01
6.978957590943761780e-01
6.980460596206181645e-01
6.981963601468601510e-01
6.983466606731021376e-01
6.984969611993440131e-01
6.986472617255859996e-01
6.987975622518278751e-01
6.989478627780698616e-01
6.990981633043118482e-01
6.992484638305538347e-01
6.993987643567957102e-01
6.995490648830376967e-01
6.996993654092796833e-01
6.998496659355215588e-01
