2.678289661851821438e+04
5.324640085344851104e+04
5.162659599012242688e+04
5.424769845768425148e+04
5.321138385600646143e+04
5.321210747074539540e+04
5.175989015302789630e+04
5.230027988855820149e+04
5.246687108092050767e+04
5.146493880998186069e+04
5.163281402217765572e+04
5.303908862944087014e+04
5.394790530467173085e+04
5.343393836961570196e+04
5.374410607524437364e+04
5.153154451422765851e+04
5.450232889121503104e+04
5.228399523899308406e+04
5.220578628274600487e+04
5.237385995931888465e+04
5.200223553988779895e+04
5.244789909413876012e+04
5.392276008159783669e+04
5.451044919602759182e+04
5.238667628419748507e+04
5.136928815301670693e+04
5.423243010188802145e+04
5.238247731348173693e+04
5.317412123422883451e+04
5.146394915514346212e+04
5.315573265943909064e+04
5.247486612394172698e+04
5.321053681549988687e+04
5.072460230330564082e+04
5.197578435476915911e+04
5.253853102337801829e+04
5.171822377587878145e+04
5.567123675951105542e+04
5.122908849874115549e+04
5.152459180580079556e+04
5.318929751566727646e+04
5.229897040195018053e+04
5.329370180098619312e+04
5.298725745875667781e+04
5.433758891796227545e+04
5.201265952370828018e+04
5.095728666608827189e+04
5.187158477193955332e+04
5.238226501367241144e+04
5.305545545651391149e+04
5.054068345857271925e+04
5.208797372909821570e+04
5.223284796737600118e+04
5.171495393070578575e+04
5.124267748950514942e+04
5.171495741049619392e+04
5.132333533264882863e+04
5.023496254584612325e+04
5.313979189623333514e+04
5.131519955987902358e+04
5.328911277268780395e+04
5.238081283500790596e+04
5.124662800896540284e+04
5.152345888714212924e+04
5.208059035228518769e+04
5.327765843428066000e+04
5.004175494493637234e+04
5.144342149798665196e+04
5.119347330822842196e+04
5.139089935672562569e+04
5.192489662639610469e+04
5.199066048672422767e+04
5.036430126550886780e+04
4.985775183440744877e+04
5.270399073486449197e+04
5.178872982659563422e+04
5.215759343655686826e+04
5.365870956658432260e+04
5.119038734376151115e+04
4.901963593411631882e+04
5.304260420074779540e+04
5.083873739742580801e+04
5.125474024566262960e+04
5.217312022631708533e+04
5.114299416751600802e+04
5.196351951449178159e+04
5.161085260614380240e+04
5.226296279507409781e+04
5.216642624187562615e+04
5.143531368684396148e+04
5.259246294128149748e+04
4.996464712407719344e+04
5.074840672167856246e+04
5.260986098097730428e+04
5.258414653770066798e+04
5.262843206725735217e+04
5.335476174212619662e+04
5.129794566797837615e+04
5.140637578541040421e+04
5.212996423694770783e+04
5.303625597848743200e+04
5.243960768683813512e+04
5.157494109835475683e+04
5.355254065533168614e+04
5.247054080857615918e+04
5.237764273936394602e+04
5.297198574365768582e+04
5.131740443394985050e+04
5.261714518241491169e+04
5.171362034053355455e+04
5.277154893825948238e+04
5.195665016773622483e+04
5.205966648451983929e+04
5.218856476850155741e+04
5.250700237368512899e+04
5.225438288949429989e+04
5.173713646538741887e+04
5.209957484038360417e+04
5.201948648957256228e+04
5.255528363032639027e+04
5.308295120331179351e+04
5.124373513079155236e+04
5.234353143418300897e+04
5.229547474741004407e+04
5.211622873542271554e+04
5.215997977270465344e+04
5.295712989597581327e+04
5.226330466591008008e+04
5.208152003934793174e+04
5.200924304084852338e+04
5.225587988523207605e+04
5.226727713023684919e+04
5.117924462273623794e+04
5.231100820715911686e+04
5.108255826814752072e+04
5.450552642280049622e+04
5.059130069801118225e+04
5.129981346864812076e+04
5.205418456598836929e+04
5.164704598721582443e+04
5.154562986679561436e+04
5.311842930975183845e+04
5.337855674043763429e+04
5.151170483896508813e+04
5.362661354148108512e+04
5.297620593646727502e+04
5.248889780980627984e+04
5.122008369812369347e+04
5.233193281174916774e+04
5.263158729065861553e+04
5.238463254525419325e+04
5.262883991632331163e+04
5.271741652036923915e+04
5.425204201035853475e+04
5.117565458193141967e+04
5.269038980963267386e+04
5.240795200752094388e+04
5.059890365976002067e+04
5.347375821699388325e+04
5.370961492463946342e+04
5.060491220381204039e+04
5.313876025626156479e+04
5.340309144984185696e+04
5.221655444944836199e+04
5.256771304968371987e+04
5.182083634047769010e+04
5.178568350937403738e+04
5.355506919031403959e+04
5.189471834639459848e+04
5.209865152078680694e+04
5.286129127258248627e+04
5.163557795880921185e+04
5.316056856583990157e+04
5.228002901870757341e+04
5.341642374750226736e+04
4.999336231338046491e+04
5.229769710875302553e+04
5.260642426649667323e+04
5.159697000525705516e+04
5.159480592791922390e+04
5.248211790377646685e+04
4.950513716323859990e+04
5.168926345310918987e+04
5.162390600504912436e+04
5.209146789071336389e+04
5.188835646032169461e+04
5.356513819966092706e+04
5.187443213805742562e+04
5.213462223429232836e+04
5.192836024473793805e+04
5.267903739360719919e+04
5.190031207974255085e+04
5.321057737006247044e+04
5.255014538778737187e+04
5.339587196044810116e+04
5.229768540807440877e+04
5.396313320355303586e+04
5.149240062038786709e+04
5.282914426451548934e+04
5.350200161104835570e+04
5.276390143291652203e+04
5.167253855810873210e+04
5.220446070671826601e+04
5.114813055979646742e+04
5.367815610548667610e+04
5.185148071088455617e+04
5.130218881504982710e+04
5.354471487176790833e+04
5.266559201402589679e+04
5.192493356889486313e+04
5.191897624026425183e+04
5.342567478854395449e+04
5.465453107034228742e+04
5.336925690470635891e+04
5.171222011933475733e+04
5.266463423397205770e+04
5.295359694218076766e+04
5.425326159938983619e+04
5.156047566496580839e+04
5.239351585461944342e+04
5.222452896432392299e+04
5.183282238742150366e+04
5.347251245770789683e+04
5.285459821422398090e+04
5.183810207006521523e+04
5.258314654079079628e+04
5.186111666162312031e+04
5.241680938446521759e+04
5.212203168847039342e+04
5.185171977926231921e+04
5.195093551524728537e+04
5.277802719481289387e+04
5.140557614719495177e+04
5.309667304792068899e+04
5.338205674705654383e+04
5.272602868094481528e+04
5.228859172488190234e+04
5.460755573819205165e+04
5.270964778065867722e+04
5.144423866997472942e+04
5.236946763636544347e+04
5.052531887250207365e+04
5.321004933235608041e+04
5.197100193814374506e+04
5.185187266688421369e+04
5.296154924377426505e+04
5.181229298155382276e+04
5.209524373429454863e+04
5.223717528941296041e+04
5.233918607031367719e+04
5.338165338176116347e+04
5.316443865209817886e+04
5.271447357395850122e+04
5.475970335103198886e+04
5.279554524866119027e+04
5.278056554798223078e+04
5.261703175802342594e+04
5.206327231512591243e+04
5.241731212932430208e+04
5.027237418494001031e+04
5.139346826428361237e+04
5.400889418894983828e+04
5.364988371698744595e+04
5.356145312622562051e+04
5.365851634211093187e+04
5.225582781354896724e+04
4.989282355109602213e+04
5.159879120730981231e+04
5.120368280209228396e+04
5.177377073676139116e+04
5.215499006558209658e+04
5.192743512285128236e+04
5.268630411818996072e+04
5.143189451614767313e+04
5.187297426472604275e+04
5.121053611116483808e+04
5.110113753269612789e+04
5.044850818169489503e+04
5.180014245181344450e+04
5.365393703804165125e+04
5.029117024140432477e+04
5.221853180111758411e+04
5.100335982599295676e+04
5.272704551142267883e+04
5.072326643545180559e+04
5.167332369034178555e+04
5.107765750538371503e+04
5.203380659856460989e+04
5.235578292468376458e+04
5.030427752186544240e+04
5.253513795463554561e+04
5.243224482937529683e+04
5.056055362396314740e+04
5.300737733184918761e+04
5.231670452803745866e+04
5.154567870768904686e+04
5.186607460778206587e+04
5.239358549052849412e+04
5.291712444107048213e+04
5.186031653049774468e+04
5.281240851324796677e+04
5.194211299326457083e+04
5.091622365014255047e+04
5.228111070240847766e+04
5.261918258375488222e+04
5.199684004850126803e+04
5.126185883987136185e+04
5.274402139841206372e+04
5.291130338207259774e+04
5.227996484555117786e+04
5.121342592458426952e+04
5.186147717784158885e+04
5.231042280356585979e+04
5.275436953037045896e+04
5.172802573223784566e+04
5.267870950895175338e+04
5.178160290362872183e+04
5.351433965961821377e+04
5.290489741318486631e+04
5.224708655250817537e+04
5.232636106414161623e+04
5.181277387358434498e+04
5.143463563590124249e+04
5.137820569371432066e+04
5.195770061930269003e+04
5.156646694673225284e+04
5.296215825117379427e+04
5.176527624343335629e+04
5.288883796169981360e+04
5.136495321795716882e+04
5.001526481904834509e+04
5.219350360007211566e+04
5.205249017037451267e+04
5.230522216246277094e+04
5.325411288630217314e+04
5.211179023845493793e+04
5.285425962153077126e+04
5.057330292848870158e+04
5.131485014563053846e+04
5.288994819219037890e+04
5.159106446570530534e+04
5.207212997538968921e+04
5.319954283037036657e+04
5.231724621868133545e+04
5.057933752679079771e+04
5.199038494828715920e+04
5.189007029191777110e+04
5.115406345139443874e+04
5.127075760726630688e+04
5.222181153742223978e+04
5.095868020103499293e+04
5.082903973640128970e+04
5.113876135454326868e+04
5.161815910468250513e+04
4.955780192858353257e+04
5.270249923168122768e+04
5.204830061474815011e+04
5.180287395225465298e+04
5.186846153180301189e+04
5.110983191999793053e+04
4.990018812025338411e+04
5.173688520735502243e+04
5.182275501070171595e+04
5.315931220582127571e+04
5.143139092607796192e+04
5.160169921823218465e+04
4.969709987730905414e+04
5.207635454055666924e+04
5.082804753446578979e+04
5.091069442079216242e+04
5.134749412702396512e+04
4.981788343104720116e+04
5.038504852715507150e+04
5.190501363255456090e+04
5.151538263358175755e+04
5.091844792785868049e+04
5.154350730883702636e+04
5.230508104371652007e+04
5.233502175765484571e+04
5.185145921151340008e+04
5.152866242706403136e+04
5.109707796465978026e+04
5.294173944523558021e+04
5.107159831145405769e+04
5.040709428816661239e+04
5.136329274218901992e+04
5.232511689117550850e+04
5.147260208298265934e+04
5.170247944615036249e+04
5.090310448340326548e+04
5.208451547745242715e+04
5.256957083894312382e+04
5.138625592410564423e+04
5.249235800214484334e+04
5.049298903877288103e+04
5.270135771998763084e+04
5.202349935747310519e+04
5.248683834259212017e+04
5.253112112656608224e+04
5.085712552166730165e+04
5.221660454409569502e+04
5.192951571724936366e+04
5.319373182443156838e+04
5.173121997340396047e+04
5.282815694540366530e+04
5.124724478447809815e+04
5.118038847668096423e+04
5.246121116926521063e+04
5.140966934347897768e+04
5.265691698697954416e+04
5.062586621721461415e+04
5.248691486101970077e+04
5.152573328962549567e+04
5.055002417899295688e+04
5.175775654409825802e+04
5.196058163762465119e+04
5.128719366331771016e+04
5.124956669234484434e+04
5.057718993007764220e+04
5.069269847794994712e+04
5.120072873993217945e+04
5.209319659612700343e+04
5.307154554225131869e+04
5.209862951117008924e+04
5.094685441457107663e+04
5.078290772560983896e+04
5.213326973754912615e+04
5.162861100380495191e+04
5.197505746390670538e+04
5.212192714527621865e+04
5.164522544275224209e+04
5.200465493154153228e+04
5.133321742839366198e+04
5.225531575356423855e+04
5.107148836513981223e+04
5.167204311590269208e+04
5.098041647512465715e+04
5.233277532431855798e+04
5.339999671608954668e+04
5.143976026178896427e+04
5.114774424596875906e+04
5.193835150270536542e+04
5.218857194751501083e+04
5.204774675790965557e+04
5.253258707077056170e+04
5.072421335640922189e+04
5.190674365604668856e+04
5.171870631866529584e+04
5.286422508285567164e+04
5.132351551179960370e+04
5.031393801978975534e+04
5.266527895491942763e+04
5.025461355975642800e+04
5.078697493229806423e+04
5.228943925018981099e+04
5.101129021878167987e+04
5.072928795436397195e+04
5.135972791422903538e+04
5.132684172939509153e+04
5.061623380487412214e+04
5.105571864228323102e+04
5.118620221624150872e+04
5.159728056015819311e+04
5.118583959979191422e+04
5.261630242543295026e+04
5.261964325308799744e+04
5.097209301574528217e+04
5.148262191075831652e+04
5.004416570267081261e+04
5.175020392165705562e+04
5.250990392272546887e+04
5.193269967335462570e+04
5.244913687102124095e+04
5.342048848180845380e+04
5.061403489724174142e+04
5.212424981410056353e+04
5.332860091654211283e+04
5.098550275086611509e+04
5.180244311525672674e+04
5.080536614445596933e+04
5.244672994584962726e+04
5.075368898800015450e+04
5.136105148573964834e+04
5.366960944569855928e+04
5.066323173428326845e+04
5.165196037475392222e+04
5.074569977880269289e+04
5.101994599938392639e+04
5.322720958469063044e+04
5.161491370527446270e+04
5.345771958660706878e+04
5.188172552342340350e+04
5.175278339164331555e+04
5.085935472584515810e+04
5.146520801835507154e+04
5.221771423854678869e+04
5.365416213013976812e+04
5.044049967917054892e+04
5.195417922147363424e+04
5.188687399988248944e+04
5.366549537946283817e+04
5.047177503261715174e+04
5.325426255187764764e+04
5.262945100494474173e+04
5.130630945043265820e+04
5.095581754829734564e+04
5.397997330236062407e+04
5.220840460861101747e+04
5.141465841009467840e+04
5.095459399994835258e+04
5.370282829491794109e+04
5.272689252790808678e+04
5.268958663360401988e+04
5.273826022367924452e+04
5.333927664164081216e+04
5.215648891242593527e+04
5.330300437466427684e+04
5.315096948311105371e+04
5.249783008005470037e+04
5.286263528027385473e+04
5.278766226673126221e+04
5.163149906259402633e+04
5.248245603316277266e+04
5.480082275429368019e+04
5.203789761596173048e+04
5.179433809063583612e+04
5.162240507065504789e+04
5.325247557449340820e+04
5.229483745462447405e+04
5.391227516056597233e+04
5.417331476371735334e+04
5.127054784021526575e+04
5.240672177382558584e+04
5.301444285529479384e+04
5.333167311469465494e+04
5.281837602671608329e+04
5.170936857706308365e+04
5.103544484668225050e+04
5.101183898888900876e+04
5.187927881652489305e+04
5.281956169978529215e+04
5.198548790323361754e+04
5.325497739725187421e+04
5.189459107068181038e+04
5.241422771793231368e+04
5.232728897425532341e+04
5.301761753800883889e+04
5.191598684190958738e+04
5.233570448883250356e+04
5.390065199101343751e+04
5.154027316311746836e+04
5.131389778594672680e+04
5.266561546281725168e+04
5.188295473038405180e+04
5.349344713881239295e+04
5.332482052810490131e+04
5.318485645871236920e+04
5.378566955340281129e+04
5.292589826792478561e+04
5.211790666130557656e+04
5.250544375238940120e+04
5.277910736627131701e+04
5.297732867721468210e+04
5.306708923398703337e+04
5.331933389670774341e+04
5.316315497284755111e+04
5.263811880635470152e+04
5.228856657480821013e+04
5.291028537661582232e+04
5.286132498883083463e+04
5.244122286555916071e+04
5.360611311531811953e+04
5.242277081171050668e+04
5.356724317975714803e+04
5.268212341407313943e+04
5.255337718629837036e+04
5.390029043004661798e+04
5.101019900126010180e+04
5.273223053613677621e+04
5.116455402608588338e+04
5.337093938786908984e+04
5.255052550644800067e+04
5.451719128081202507e+04
5.142081251010298729e+04
5.366271676720306277e+04
5.276147503812983632e+04
5.454206769793480635e+04
5.316503524865955114e+04
5.270114029232785106e+04
5.252412421087548137e+04
5.216103915048763156e+04
5.159647713547945023e+04
5.359885239442065358e+04
5.386580040522292256e+04
5.422693474363163114e+04
5.358331963595375419e+04
5.300104244965314865e+04
5.522014368773996830e+04
5.404281850226968527e+04
5.254506089698523283e+04
5.258401483841985464e+04
5.273933036539331079e+04
5.184564328532665968e+04
5.150665643999353051e+04
5.390642748700827360e+04
5.398557873917743564e+04
5.303004543770849705e+04
5.321003189997002482e+04
5.316945654128119349e+04
5.244857928498461843e+04
5.236748336207121611e+04
5.482860210432484746e+04
5.372985825197026134e+04
5.183015703128278255e+04
5.334616810360550880e+04
5.342943314847722650e+04
5.297396310585364699e+04
5.313050728385522962e+04
5.246588919336348772e+04
5.307842819111794233e+04
5.405200660810247064e+04
5.326062627071142197e+04
5.290411325243115425e+04
5.119863041771948338e+04
5.557359816774353385e+04
5.341010909229889512e+04
5.275157172508165240e+04
5.261781701258942485e+04
5.394943132558092475e+04
5.407276109804213047e+04
5.454549654575809836e+04
5.298593014090880752e+04
5.172029861578345299e+04
5.142359465679526329e+04
5.350218897812440991e+04
5.289578776938468218e+04
5.197386417827755213e+04
5.389481923680007458e+04
5.245814305140823126e+04
5.397396070750430226e+04
5.215289823224022985e+04
5.218368335027620196e+04
5.221584401830658317e+04
5.271728024045750499e+04
5.382094651357829571e+04
5.143489130073040724e+04
5.342213858237117529e+04
5.369670060931146145e+04
5.338189686017483473e+04
5.139186787646263838e+04
5.296212436288595200e+04
5.371064304972440004e+04
5.324327890615165234e+04
5.242745095690339804e+04
5.403509747781604528e+04
5.344677467682212591e+04
5.472242157430201769e+04
5.361234332408010960e+04
5.528229157479852438e+04
5.274551676370948553e+04
5.284229385385662317e+04
5.488087909001857042e+04
5.187107515241950750e+04
5.170253152903169394e+04
5.378115218228101730e+04
5.375193356953561306e+04
5.157219404314458370e+04
5.228375995178520679e+04
5.363390983200073242e+04
5.517748170612752438e+04
5.243074309660494328e+04
5.363856082295626402e+04
5.266931044504046440e+04
5.256168609035015106e+04
5.273590334413200617e+04
5.301540224656462669e+04
5.273105114860832691e+04
5.429081456749141216e+04
5.317207743939757347e+04
5.181471351423859596e+04
5.255627485088258982e+04
5.255340340763330460e+04
5.268654213979095221e+04
5.273684128507971764e+04
5.348029484209418297e+04
5.239950919391214848e+04
5.395950326827913523e+04
5.262524442911148071e+04
5.317058738616108894e+04
5.361118252895027399e+04
5.314472238229960203e+04
5.207486837070435286e+04
5.216200131648033857e+04
5.366382132017612457e+04
5.040218294535577297e+04
5.139407922817021608e+04
5.189012945673614740e+04
5.286826214895397425e+04
5.278622428653389215e+04
5.350601693888753653e+04
5.228727360891550779e+04
5.183340092083066702e+04
5.069830230470001698e+04
5.376912803953886032e+04
5.191594817509502172e+04
5.082761289402842522e+04
5.411952844564616680e+04
5.170995680669695139e+04
5.373441894186288118e+04
5.153047658889740705e+04
5.488224833300709724e+04
5.316078844411671162e+04
5.311931526279449463e+04
5.278212148512154818e+04
5.201380149111896753e+04
5.103436145396530628e+04
5.156597933159023523e+04
5.209007534509152174e+04
5.244365758396685123e+04
5.228301816400140524e+04
5.099004322552680969e+04
5.354295179160684347e+04
5.225189008313417435e+04
5.282184854759275913e+04
5.310249759103357792e+04
5.270156118638813496e+04
5.282818331757932901e+04
5.089122633531689644e+04
5.246132280051708221e+04
5.307015423855185509e+04
5.166168003729730844e+04
5.375438840149343014e+04
5.267159337959438562e+04
5.178636220176517963e+04
5.208793180917948484e+04
5.234730778058618307e+04
5.175505511409044266e+04
5.293547153066098690e+04
5.115887204856425524e+04
5.063345672917366028e+04
5.440958038421720266e+04
5.271506921436637640e+04
5.084357926020771265e+04
5.268744786950200796e+04
5.221326336691528559e+04
5.316399558088183403e+04
5.253747988408058882e+04
5.263124704569578171e+04
5.173302091785520315e+04
5.200037564238905907e+04
5.186506539919227362e+04
5.030640705966949463e+04
5.194674872348457575e+04
5.089847448240220547e+04
5.191490176226198673e+04
4.984915685159713030e+04
5.136312357974052429e+04
5.215745505315065384e+04
5.176902537041902542e+04
5.242047005716711283e+04
5.166773369131237268e+04
5.042262556403130293e+04
5.376805712678283453e+04
5.239076030531525612e+04
5.123963180484622717e+04
4.988987177909165621e+04
5.177306946335732937e+04
5.292615175630897284e+04
5.088080963563919067e+04
5.243375126799941063e+04
5.148884821873158216e+04
5.099012443136423826e+04
5.096864561952650547e+04
5.080793946835398674e+04
5.256052785144001245e+04
5.212014323385804892e+04
5.227771921142935753e+04
5.143118081999570131e+04
5.243056617972999811e+04
5.113714666062593460e+04
5.205488397451490164e+04
4.941875587058812380e+04
5.214710862666368484e+04
5.138269622305780649e+04
5.189125039439648390e+04
5.103808151125162840e+04
5.090303293300420046e+04
5.235014331116527319e+04
5.156860645959526300e+04
5.213339258862286806e+04
5.332474437134712934e+04
5.028194674663990736e+04
5.129916363534331322e+04
5.047642635607719421e+04
5.003515908614546061e+04
5.032366969585418701e+04
4.958618502470105886e+04
5.110247384728491306e+04
5.054234729488939047e+04
5.112369577469676733e+04
5.139683000024408102e+04
5.150459898065030575e+04
5.132593719264864922e+04
5.200203549680858850e+04
5.097815307053923607e+04
5.091804628089070320e+04
5.023562214559316635e+04
5.298464815683662891e+04
5.281034769171476364e+04
5.240213036566227674e+04
5.053708911763876677e+04
4.967866031934320927e+04
5.243045470166206360e+04
5.002906660374999046e+04
4.987776204250752926e+04
5.053422945915162563e+04
4.973668315091729164e+04
5.226821796941012144e+04
5.135163221694529057e+04
5.097248487304896116e+04
5.066467917460203171e+04
5.005224335759133101e+04
4.956167161888629198e+04
5.109206068535894156e+04
5.060407420808821917e+04
5.043990932564437389e+04
5.005369565600156784e+04
5.314619560392200947e+04
5.213648928266018629e+04
4.903698323947191238e+04
4.972159022161364555e+04
4.828134012424945831e+04
5.037699913126230240e+04
4.911706961606442928e+04
4.979991174804419279e+04
5.024786468801647425e+04
5.053660837944597006e+04
5.122730751960724592e+04
4.940567960153520107e+04
5.090190977872908115e+04
5.072548276305943727e+04
5.067646305358409882e+04
5.040384977611899376e+04
5.065794369737058878e+04
5.072764325894415379e+04
4.899161107274144888e+04
4.888814660682529211e+04
4.927594368109852076e+04
5.029011958447098732e+04
4.965126657903194427e+04
5.085635222160071135e+04
5.005105357089638710e+04
5.095975004695355892e+04
4.866007877364754677e+04
4.857774664197117090e+04
5.015853977556526661e+04
5.074238744143396616e+04
4.970765512192249298e+04
4.951539413923770189e+04
4.956438010946661234e+04
5.042276207126677036e+04
4.898499396587163210e+04
5.056919311141967773e+04
5.066926936748623848e+04
4.823073257162421942e+04
4.949309325561672449e+04
4.922440649091452360e+04
5.167496459682285786e+04
4.867471039660274982e+04
4.856734088757634163e+04
4.936596177294850349e+04
4.852644576500356197e+04
4.922985268102586269e+04
4.787093956410884857e+04
4.972342749680578709e+04
4.845139033372700214e+04
4.875998369469493628e+04
4.698122868397831917e+04
5.002963184276968241e+04
4.841984982551634312e+04
4.820821926292777061e+04
5.016833311643451452e+04
4.884792749153822660e+04
4.777760742674022913e+04
4.756175531844794750e+04
4.939384293752163649e+04
4.923190920110046864e+04
4.788079552143067122e+04
4.857631335818767548e+04
4.809883971276879311e+04
4.968565922342985868e+04
4.658390145991742611e+04
4.808839833503216505e+04
4.910371619399636984e+04
4.840086246868968010e+04
4.979445573882013559e+04
4.796445967825502157e+04
4.897645978313684464e+04
4.662147457624971867e+04
4.838327148694545031e+04
4.834252242093533278e+04
4.808312397909909487e+04
4.767091286432743073e+04
4.728568496572971344e+04
4.822321554971486330e+04
4.881948046953231096e+04
4.900302505832910538e+04
4.726403590580075979e+04
4.624969193886965513e+04
4.793295408788323402e+04
4.686199499675631523e+04
4.759606296677887440e+04
4.810664229311794043e+04
4.804868716464191675e+04
4.617730047154426575e+04
4.763965403129160404e+04
4.886425590484589338e+04
4.666954249548166990e+04
4.831762836690992117e+04
4.857598934239149094e+04
4.662085624657571316e+04
4.729222027435898781e+04
4.812307343939691782e+04
4.822324585358798504e+04
4.674793110015243292e+04
4.746842403178662062e+04
4.639094217973947525e+04
4.746506188090890646e+04
4.761609086010605097e+04
4.788800644109398127e+04
4.782090656779706478e+04
4.564653290843963623e+04
4.720234337140619755e+04
4.769757998235523701e+04
4.792031582696735859e+04
4.673928898617625237e+04
4.655032023373246193e+04
4.552685226955264807e+04
4.615866828329116106e+04
4.591215373943746090e+04
4.626265506711602211e+04
4.555853041294217110e+04
4.658081883385777473e+04
4.654412266390770674e+04
4.641374735972285271e+04
4.607202878595143557e+04
4.621624707654863596e+04
4.790190118526667356e+04
4.671715739788860083e+04
4.677948224506527185e+04
4.508613399409502745e+04
4.698083357805013657e+04
4.635587351392954588e+04
4.613364597743749619e+04
4.783200949123501778e+04
4.730847271738946438e+04
4.581988429192453623e+04
4.637582877300679684e+04
4.771323955856263638e+04
4.569517643260955811e+04
4.594250962929427624e+04
4.656959338470548391e+04
4.785556566621363163e+04
4.561686214603483677e+04
4.632103773762285709e+04
4.527705526518076658e+04
4.634857745993137360e+04
4.567183905339986086e+04
4.760805820617079735e+04
4.650952473398298025e+04
4.663013813572376966e+04
4.471995981863141060e+04
4.458789593173563480e+04
4.541563041346520185e+04
4.551808696863055229e+04
4.592938102330267429e+04
4.624806969749182463e+04
4.617745879013836384e+04
4.610299456089735031e+04
4.510267762139439583e+04
4.557763041809201241e+04
4.507199959604442120e+04
4.518823164617270231e+04
4.604302858348190784e+04
4.474036669524013996e+04
4.586982492982596159e+04
4.567062303986400366e+04
4.707729990022629499e+04
4.531607583338767290e+04
4.454004365850985050e+04
4.495751415145397186e+04
4.532110244400799274e+04
4.544826388093829155e+04
4.415777210050821304e+04
4.580969562939554453e+04
4.513314838492125273e+04
4.574256813094764948e+04
4.426759022130817175e+04
