0.000000000000000000e+00
6.787953707634889269e-03
1.029488095316109623e-02
1.380180819868730147e-02
1.730873544421350843e-02
2.081566268973971540e-02
2.432258993526591889e-02
2.782951718079212933e-02
3.133644442631833282e-02
3.484337167184453632e-02
3.835029891737074675e-02
4.185722616289695719e-02
4.536415340842316068e-02
4.887108065394936418e-02
5.237800789947557462e-02
5.588493514500178505e-02
5.939186239052798855e-02
6.289878963605419204e-02
6.640571688158039554e-02
6.991264412710659903e-02
7.341957137263280253e-02
7.692649861815901990e-02
8.043342586368523728e-02
8.394035310921144077e-02
8.744728035473764427e-02
9.095420760026384777e-02
9.446113484579005126e-02
9.796806209131625476e-02
1.014749893368424583e-01
1.049819165823686618e-01
1.084888438278948791e-01
1.119957710734210965e-01
1.155026983189473000e-01
1.190096255644735035e-01
1.225165528099997070e-01
1.260234800555259105e-01
1.295304073010521140e-01
1.330373345465783175e-01
1.365442617921045210e-01
1.400511890376307245e-01
1.435581162831569280e-01
1.470650435286831315e-01
1.505719707742093627e-01
1.540788980197355662e-01
1.575858252652617697e-01
1.610927525107879732e-01
1.645996797563141767e-01
1.681066070018403802e-01
1.716135342473665837e-01
1.751204614928927872e-01
1.786273887384189907e-01
1.821343159839451942e-01
1.856412432294714254e-01
1.891481704749976289e-01
1.926550977205238324e-01
1.961620249660500359e-01
1.996689522115762394e-01
2.031758794571024429e-01
2.066828067026286464e-01
2.101897339481548499e-01
2.136966611936810811e-01
2.172035884392072846e-01
2.207105156847334881e-01
2.242174429302596916e-01
2.277243701757858951e-01
2.312312974213120986e-01
2.347382246668383021e-01
2.382451519123645056e-01
2.417520791578907091e-01
2.452590064034169126e-01
2.487659336489431439e-01
2.522728608944693196e-01
2.557797881399955786e-01
2.592867153855217266e-01
2.627936426310479856e-01
2.663005698765741336e-01
2.698074971221003926e-01
2.733144243676265406e-01
2.768213516131527996e-01
2.803282788586789476e-01
2.838352061042052066e-01
2.873421333497313546e-01
2.908490605952576136e-01
2.943559878407838171e-01
2.978629150863100206e-01
3.013698423318362796e-01
3.048767695773624276e-01
3.083836968228886866e-01
3.118906240684148345e-01
3.153975513139410936e-01
3.189044785594672415e-01
3.224114058049935005e-01
3.259183330505196485e-01
3.294252602960459075e-01
3.329321875415720555e-01
3.364391147870983145e-01
3.399460420326244625e-01
3.434529692781507215e-01
3.469598965236768695e-01
3.504668237692031285e-01
3.539737510147292765e-01
3.574806782602555355e-01
3.609876055057817945e-01
3.644945327513079425e-01
3.680014599968342015e-01
3.715083872423603495e-01
3.750153144878866085e-01
3.785222417334127565e-01
3.820291689789390155e-01
3.855360962244651635e-01
3.890430234699914225e-01
3.925499507155175705e-01
3.960568779610438295e-01
3.995638052065699775e-01
4.030707324520962365e-01
4.065776596976223844e-01
4.100845869431486435e-01
4.135915141886747914e-01
4.170984414342010504e-01
4.206053686797272539e-01
4.241122959252534574e-01
4.276192231707797164e-01
4.311261504163058644e-01
4.346330776618321234e-01
4.381400049073582714e-01
4.416469321528845304e-01
4.451538593984106784e-01
4.486607866439369374e-01
4.521677138894630854e-01
4.556746411349893444e-01
4.591815683805154924e-01
4.626884956260417514e-01
4.661954228715678994e-01
4.697023501170941584e-01
4.732092773626203064e-01
4.767162046081465654e-01
4.802231318536727134e-01
4.837300590991989724e-01
4.872369863447251759e-01
4.907439135902513794e-01
4.942508408357776384e-01
4.977577680813037864e-01
5.012646953268300454e-01
5.047716225723561934e-01
5.082785498178823413e-01
5.117854770634086004e-01
5.152924043089348594e-01
5.187993315544610073e-01
5.223062587999872664e-01
5.258131860455135254e-01
5.293201132910396733e-01
5.328270405365658213e-01
5.363339677820920803e-01
5.398408950276183393e-01
5.433478222731444873e-01
5.468547495186706353e-01
5.503616767641968943e-01
5.538686040097231533e-01
5.573755312552493013e-01
5.608824585007754493e-01
5.643893857463017083e-01
5.678963129918279673e-01
5.714032402373541153e-01
5.749101674828802633e-01
5.784170947284065223e-01
5.819240219739327813e-01
5.854309492194589293e-01
5.889378764649851883e-01
5.924448037105114473e-01
5.959517309560375953e-01
5.994586582015637433e-01
6.029655854470900023e-01
6.064725126926162613e-01
6.099794399381424093e-01
6.134863671836685572e-01
6.169932944291948163e-01
6.205002216747210753e-01
6.240071489202472232e-01
6.275140761657733712e-01
6.310210034112996302e-01
6.345279306568258892e-01
6.380348579023520372e-01
6.415417851478781852e-01
6.450487123934045552e-01
6.485556396389307032e-01
6.520625668844568512e-01
6.555694941299831102e-01
6.590764213755093692e-01
6.625833486210355172e-01
6.660902758665616652e-01
6.695972031120879242e-01
6.731041303576141832e-01
6.766110576031403312e-01
6.801179848486664792e-01
6.836249120941927382e-01
6.871318393397189972e-01
6.906387665852451452e-01
6.941456938307712932e-01
6.976526210762975522e-01
7.011595483218238112e-01
7.046664755673499592e-01
7.081734028128761071e-01
7.116803300584024772e-01
7.151872573039286252e-01
7.186941845494547731e-01
7.222011117949810322e-01
7.257080390405072912e-01
7.292149662860334391e-01
7.327218935315595871e-01
7.362288207770858461e-01
7.397357480226121051e-01
7.432426752681382531e-01
7.467496025136644011e-01
7.502565297591906601e-01
7.537634570047169191e-01
7.572703842502430671e-01
7.607773114957692151e-01
7.642842387412954741e-01
7.677911659868217331e-01
7.712980932323478811e-01
7.748050204778740291e-01
7.783119477234003991e-01
7.818188749689265471e-01
7.853258022144526951e-01
7.888327294599789541e-01
7.923396567055052131e-01
7.958465839510313611e-01
7.993535111965575091e-01
8.028604384420837681e-01
8.063673656876100271e-01
8.098742929331361751e-01
8.133812201786623231e-01
8.168881474241885821e-01
8.203950746697148411e-01
8.239020019152409890e-01
8.274089291607671370e-01
8.309158564062933960e-01
8.344227836518196550e-01
8.379297108973458030e-01
8.414366381428720620e-01
8.449435653883983210e-01
8.484504926339244690e-01
8.519574198794506170e-01
8.554643471249768760e-01
8.589712743705031350e-01
8.624782016160292830e-01
8.659851288615554310e-01
8.694920561070816900e-01
8.729989833526079490e-01
8.765059105981340970e-01
8.800128378436602450e-01
8.835197650891865040e-01
8.870266923347127630e-01
8.905336195802389110e-01
8.940405468257650590e-01
8.975474740712913180e-01
9.010544013168175770e-01
9.045613285623437250e-01
9.080682558078699840e-01
9.115751830533962430e-01
9.150821102989223910e-01
9.185890375444485390e-01
9.220959647899747980e-01
9.256028920355010570e-01
9.291098192810272050e-01
9.326167465265533529e-01
9.361236737720796119e-01
9.396306010176058710e-01
9.431375282631320189e-01
9.466444555086581669e-01
9.501513827541844259e-01
9.536583099997106849e-01
9.571652372452368329e-01
9.606721644907629809e-01
9.641790917362892399e-01
9.676860189818154989e-01
9.711929462273416469e-01
9.746998734728679059e-01
9.782068007183941649e-01
9.817137279639203129e-01
9.852206552094464609e-01
9.887275824549727199e-01
9.922345097004989789e-01
9.957414369460251269e-01
9.992483641915512749e-01
1.002755291437077645e+00
1.006262218682603571e+00
1.009769145928129941e+00
1.013276073173656311e+00
1.016783000419182237e+00
1.020289927664708607e+00
1.023796854910234755e+00
1.027303782155760903e+00
1.030810709401287273e+00
1.034317636646813421e+00
1.037824563892339569e+00
1.041331491137865939e+00
1.044838418383391865e+00
1.048345345628918235e+00
1.051852272874444605e+00
1.055359200119970531e+00
1.058866127365496901e+00
1.062373054611023049e+00
1.065879981856549197e+00
1.069386909102075567e+00
1.072893836347601493e+00
1.076400763593127863e+00
1.079907690838654233e+00
1.083414618084180159e+00
1.086921545329706529e+00
1.090428472575232677e+00
1.093935399820758825e+00
1.097442327066285195e+00
1.100949254311811343e+00
1.104456181557337491e+00
1.107963108802863861e+00
1.111470036048389787e+00
1.114976963293916157e+00
1.118483890539442527e+00
1.121990817784968453e+00
1.125497745030494823e+00
1.129004672276020971e+00
1.132511599521547119e+00
1.136018526767073489e+00
1.139525454012599415e+00
1.143032381258125785e+00
1.146539308503652155e+00
1.150046235749178081e+00
1.153553162994704451e+00
1.157060090240230599e+00
1.160567017485756747e+00
1.164073944731283117e+00
1.167580871976809265e+00
1.171087799222335413e+00
1.174594726467861783e+00
1.178101653713387709e+00
1.181608580958914079e+00
1.185115508204440449e+00
1.188622435449966375e+00
1.192129362695492745e+00
1.195636289941018893e+00
1.199143217186545041e+00
1.202650144432071411e+00
1.206157071677597337e+00
1.209663998923123707e+00
1.213170926168650077e+00
1.216677853414176003e+00
1.220184780659702373e+00
1.223691707905228521e+00
1.227198635150754669e+00
1.230705562396281039e+00
1.234212489641807187e+00
1.237719416887333335e+00
1.241226344132859705e+00
1.244733271378385631e+00
1.248240198623912001e+00
1.251747125869438371e+00
1.255254053114964297e+00
1.258760980360490667e+00
1.262267907606016815e+00
1.265774834851542963e+00
1.269281762097069333e+00
1.272788689342595259e+00
1.276295616588121629e+00
1.279802543833647999e+00
1.283309471079173925e+00
1.286816398324700295e+00
1.290323325570226665e+00
1.293830252815752591e+00
1.297337180061278961e+00
1.300844107306805109e+00
1.304351034552331257e+00
1.307857961797857627e+00
1.311364889043383553e+00
1.314871816288909923e+00
1.318378743534436293e+00
1.321885670779962219e+00
1.325392598025488589e+00
1.328899525271014737e+00
1.332406452516540885e+00
1.335913379762067255e+00
1.339420307007593181e+00
1.342927234253119551e+00
1.346434161498645921e+00
1.349941088744171847e+00
1.353448015989698217e+00
1.356954943235224587e+00
1.360461870480750513e+00
1.363968797726276883e+00
1.367475724971803031e+00
1.370982652217329179e+00
1.374489579462855549e+00
1.377996506708381474e+00
1.381503433953907845e+00
1.385010361199434215e+00
1.388517288444960140e+00
1.392024215690486511e+00
1.395531142936012658e+00
1.399038070181538806e+00
1.402544997427065177e+00
1.406051924672591102e+00
1.409558851918117472e+00
1.413065779163643843e+00
1.416572706409169768e+00
1.420079633654696138e+00
1.423586560900222509e+00
1.427093488145748434e+00
1.430600415391274804e+00
1.434107342636800952e+00
1.437614269882327100e+00
1.441121197127853470e+00
1.444628124373379396e+00
1.448135051618905766e+00
1.451641978864432136e+00
1.455148906109958062e+00
1.458655833355484432e+00
1.462162760601010580e+00
1.465669687846536728e+00
1.469176615092063098e+00
1.472683542337589024e+00
1.476190469583115394e+00
1.479697396828641764e+00
1.483204324074167690e+00
1.486711251319694060e+00
1.490218178565220430e+00
1.493725105810746356e+00
1.497232033056272726e+00
1.500738960301798874e+00
1.504245887547325022e+00
1.507752814792851392e+00
1.511259742038377318e+00
1.514766669283903688e+00
1.518273596529430058e+00
1.521780523774955984e+00
1.525287451020482354e+00
1.528794378266008502e+00
1.532301305511534650e+00
1.535808232757061020e+00
1.539315160002586946e+00
1.542822087248113316e+00
1.546329014493639686e+00
1.549835941739165612e+00
1.553342868984691982e+00
1.556849796230218352e+00
1.560356723475744278e+00
1.563863650721270648e+00
1.567370577966796796e+00
1.570877505212322944e+00
1.574384432457849314e+00
1.577891359703375240e+00
1.581398286948901610e+00
1.584905214194427980e+00
1.588412141439953906e+00
1.591919068685480276e+00
1.595425995931006424e+00
1.598932923176532572e+00
1.602439850422058942e+00
1.605946777667584868e+00
1.609453704913111238e+00
1.612960632158637608e+00
1.616467559404163534e+00
1.619974486649689904e+00
1.623481413895216274e+00
1.626988341140742200e+00
1.630495268386268570e+00
1.634002195631794718e+00
1.637509122877320866e+00
1.641016050122847236e+00
1.644522977368373162e+00
1.648029904613899532e+00
1.651536831859425902e+00
1.655043759104951828e+00
1.658550686350478198e+00
1.662057613596004346e+00
1.665564540841530494e+00
1.669071468087056864e+00
1.672578395332583012e+00
1.676085322578109160e+00
1.679592249823635530e+00
1.683099177069161456e+00
1.686606104314687826e+00
1.690113031560214196e+00
1.693619958805740122e+00
1.697126886051266492e+00
1.700633813296792640e+00
1.704140740542318788e+00
1.707647667787845158e+00
1.711154595033371084e+00
1.714661522278897454e+00
1.718168449524423824e+00
1.721675376769949750e+00
1.725182304015476120e+00
1.728689231261002268e+00
1.732196158506528416e+00
1.735703085752054786e+00
1.739210012997580934e+00
1.742716940243107082e+00
1.746223867488633452e+00
1.749730794734159378e+00
1.753237721979685748e+00
1.756744649225212118e+00
1.760251576470738044e+00
1.763758503716264414e+00
1.767265430961790562e+00
1.770772358207316710e+00
1.774279285452843080e+00
1.777786212698369006e+00
1.781293139943895376e+00
1.784800067189421746e+00
1.788306994434947672e+00
1.791813921680474042e+00
1.795320848926000190e+00
1.798827776171526338e+00
1.802334703417052708e+00
1.805841630662578856e+00
1.809348557908105004e+00
1.812855485153631374e+00
1.816362412399157300e+00
1.819869339644683670e+00
1.823376266890210040e+00
1.826883194135735966e+00
1.830390121381262336e+00
1.833897048626788484e+00
1.837403975872314632e+00
1.840910903117841002e+00
1.844417830363366928e+00
1.847924757608893298e+00
1.851431684854419668e+00
1.854938612099945594e+00
1.858445539345471964e+00
1.861952466590998112e+00
1.865459393836524260e+00
1.868966321082050630e+00
1.872473248327576778e+00
1.875980175573102926e+00
1.879487102818629296e+00
1.882994030064155222e+00
1.886500957309681592e+00
1.890007884555207962e+00
1.893514811800733888e+00
1.897021739046260258e+00
1.900528666291786406e+00
1.904035593537312554e+00
1.907542520782838924e+00
1.911049448028364850e+00
1.914556375273891220e+00
1.918063302519417590e+00
1.921570229764943516e+00
1.925077157010469886e+00
1.928584084255996034e+00
1.932091011501522182e+00
1.935597938747048552e+00
1.939104865992574700e+00
1.942611793238100848e+00
1.946118720483627218e+00
1.949625647729153144e+00
1.953132574974679514e+00
1.956639502220205884e+00
1.960146429465731810e+00
1.963653356711258180e+00
1.967160283956784328e+00
1.970667211202310476e+00
1.974174138447836846e+00
1.977681065693362772e+00
1.981187992938889142e+00
1.984694920184415512e+00
1.988201847429941438e+00
1.991708774675467808e+00
1.995215701920994178e+00
1.998722629166520104e+00
2.002229556412046474e+00
2.005736483657572844e+00
2.009243410903098770e+00
2.012750338148625140e+00
2.016257265394151510e+00
2.019764192639677880e+00
2.023271119885203806e+00
2.026778047130730176e+00
2.030284974376256102e+00
2.033791901621782472e+00
2.037298828867308842e+00
2.040805756112834768e+00
2.044312683358361138e+00
2.047819610603887064e+00
2.051326537849413434e+00
2.054833465094939804e+00
2.058340392340466174e+00
2.061847319585992100e+00
2.065354246831518470e+00
2.068861174077044396e+00
2.072368101322570766e+00
2.075875028568097136e+00
2.079381955813623062e+00
2.082888883059149432e+00
2.086395810304675358e+00
2.089902737550201728e+00
2.093409664795728098e+00
2.096916592041254468e+00
2.100423519286780394e+00
2.103930446532306320e+00
2.107437373777832690e+00
2.110944301023359060e+00
2.114451228268885430e+00
2.117958155514411356e+00
2.121465082759937726e+00
2.124972010005463652e+00
2.128478937250990022e+00
2.131985864496516392e+00
2.135492791742042762e+00
2.138999718987568688e+00
2.142506646233094614e+00
2.146013573478620984e+00
2.149520500724147354e+00
2.153027427969673724e+00
2.156534355215199650e+00
2.160041282460726020e+00
2.163548209706251946e+00
2.167055136951778316e+00
2.170562064197304686e+00
2.174068991442830612e+00
2.177575918688356982e+00
2.181082845933882908e+00
2.184589773179409278e+00
2.188096700424935648e+00
2.191603627670462018e+00
2.195110554915987944e+00
2.198617482161514314e+00
2.202124409407040240e+00
2.205631336652566610e+00
2.209138263898092980e+00
2.212645191143618906e+00
2.216152118389145276e+00
2.219659045634671202e+00
2.223165972880197572e+00
2.226672900125723942e+00
2.230179827371250312e+00
2.233686754616776238e+00
2.237193681862302164e+00
2.240700609107828534e+00
2.244207536353354904e+00
2.247714463598881274e+00
2.251221390844407200e+00
2.254728318089933570e+00
2.258235245335459496e+00
2.261742172580985866e+00
2.265249099826512236e+00
2.268756027072038606e+00
2.272262954317564532e+00
2.275769881563090458e+00
2.279276808808616828e+00
2.282783736054143198e+00
2.286290663299669568e+00
2.289797590545195494e+00
2.293304517790721864e+00
2.296811445036247790e+00
2.300318372281774160e+00
2.303825299527300530e+00
2.307332226772826456e+00
2.310839154018352826e+00
2.314346081263878752e+00
2.317853008509405122e+00
2.321359935754931492e+00
2.324866863000457862e+00
2.328373790245983788e+00
2.331880717491510158e+00
2.335387644737036084e+00
2.338894571982562454e+00
2.342401499228088824e+00
2.345908426473614750e+00
2.349415353719141120e+00
2.352922280964667046e+00
2.356429208210193416e+00
2.359936135455719786e+00
2.363443062701246156e+00
2.366949989946772082e+00
2.370456917192298008e+00
2.373963844437824378e+00
2.377470771683350748e+00
2.380977698928877118e+00
2.384484626174403044e+00
2.387991553419929414e+00
2.391498480665455340e+00
2.395005407910981710e+00
2.398512335156508080e+00
2.402019262402034450e+00
2.405526189647560376e+00
2.409033116893086302e+00
2.412540044138612672e+00
2.416046971384139042e+00
2.419553898629665412e+00
2.423060825875191338e+00
2.426567753120717708e+00
2.430074680366243634e+00
2.433581607611770004e+00
2.437088534857296374e+00
2.440595462102822299e+00
2.444102389348348670e+00
2.447609316593874595e+00
2.451116243839400965e+00
2.454623171084927336e+00
2.458130098330453706e+00
2.461637025575979631e+00
2.465143952821506002e+00
2.468650880067031927e+00
2.472157807312558297e+00
2.475664734558084668e+00
2.479171661803610593e+00
2.482678589049136963e+00
2.486185516294662889e+00
2.489692443540189259e+00
2.493199370785715629e+00
2.496706298031242000e+00
2.500213225276767925e+00
2.503720152522293851e+00
2.507227079767820221e+00
2.510734007013346591e+00
2.514240934258872961e+00
2.517747861504398887e+00
2.521254788749925257e+00
2.524761715995451183e+00
2.528268643240977553e+00
2.531775570486503923e+00
2.535282497732030293e+00
2.538789424977556219e+00
2.542296352223082145e+00
2.545803279468608515e+00
2.549310206714134885e+00
2.552817133959661255e+00
2.556324061205187181e+00
2.559830988450713551e+00
2.563337915696239477e+00
2.566844842941765847e+00
2.570351770187292217e+00
2.573858697432818587e+00
2.577365624678344513e+00
2.580872551923870439e+00
2.584379479169396809e+00
2.587886406414923179e+00
2.591393333660449549e+00
2.594900260905975475e+00
2.598407188151501845e+00
2.601914115397027771e+00
2.605421042642554141e+00
2.608927969888080511e+00
2.612434897133606437e+00
2.615941824379132807e+00
2.619448751624658733e+00
2.622955678870185103e+00
2.626462606115711473e+00
2.629969533361237843e+00
2.633476460606763769e+00
2.636983387852290139e+00
2.640490315097816065e+00
2.643997242343342435e+00
2.647504169588868805e+00
2.651011096834394731e+00
2.654518024079921101e+00
2.658024951325447027e+00
2.661531878570973397e+00
2.665038805816499767e+00
2.668545733062026137e+00
2.672052660307552063e+00
2.675559587553077989e+00
2.679066514798604359e+00
2.682573442044130729e+00
2.686080369289657099e+00
2.689587296535183025e+00
2.693094223780709395e+00
2.696601151026235321e+00
2.700108078271761691e+00
2.703615005517288061e+00
2.707121932762814431e+00
2.710628860008340357e+00
2.714135787253866283e+00
2.717642714499392653e+00
2.721149641744919023e+00
2.724656568990445393e+00
2.728163496235971319e+00
2.731670423481497689e+00
2.735177350727023615e+00
2.738684277972549985e+00
2.742191205218076355e+00
2.745698132463602281e+00
2.749205059709128651e+00
2.752711986954654577e+00
2.756218914200180947e+00
2.759725841445707317e+00
2.763232768691233687e+00
2.766739695936759613e+00
2.770246623182285983e+00
2.773753550427811909e+00
2.777260477673338279e+00
2.780767404918864649e+00
2.784274332164390575e+00
2.787781259409916945e+00
2.791288186655442871e+00
2.794795113900969241e+00
2.798302041146495611e+00
2.801808968392021981e+00
2.805315895637547907e+00
2.808822822883073833e+00
2.812329750128600203e+00
2.815836677374126573e+00
2.819343604619652943e+00
2.822850531865178869e+00
2.826357459110705239e+00
2.829864386356231165e+00
2.833371313601757535e+00
2.836878240847283905e+00
2.840385168092810275e+00
2.843892095338336201e+00
2.847399022583862127e+00
2.850905949829388497e+00
2.854412877074914867e+00
2.857919804320441237e+00
2.861426731565967163e+00
2.864933658811493533e+00
2.868440586057019459e+00
2.871947513302545829e+00
2.875454440548072199e+00
2.878961367793598125e+00
2.882468295039124495e+00
2.885975222284650421e+00
2.889482149530176791e+00
2.892989076775703161e+00
2.896496004021229531e+00
2.900002931266755457e+00
2.903509858512281827e+00
2.907016785757807753e+00
2.910523713003334123e+00
2.914030640248860493e+00
2.917537567494386419e+00
2.921044494739912789e+00
2.924551421985438715e+00
2.928058349230965085e+00
2.931565276476491455e+00
2.935072203722017825e+00
2.938579130967543751e+00
2.942086058213069677e+00
2.945592985458596047e+00
2.949099912704122417e+00
2.952606839949648787e+00
2.956113767195174713e+00
2.959620694440701083e+00
2.963127621686227009e+00
2.966634548931753379e+00
2.970141476177279749e+00
2.973648403422806119e+00
2.977155330668332045e+00
2.980662257913857971e+00
2.984169185159384341e+00
2.987676112404910711e+00
2.991183039650437081e+00
2.994689966895963007e+00
2.998196894141489377e+00
3.001703821387015303e+00
3.005210748632541673e+00
3.008717675878068043e+00
3.012224603123593969e+00
3.015731530369120339e+00
3.019238457614646265e+00
3.022745384860172635e+00
3.026252312105699005e+00
3.029759239351225375e+00
3.033266166596751301e+00
3.036773093842277671e+00
3.040280021087803597e+00
3.043786948333329967e+00
3.047293875578856337e+00
3.050800802824382263e+00
3.054307730069908633e+00
3.057814657315434559e+00
3.061321584560960929e+00
3.064828511806487299e+00
3.068335439052013669e+00
3.071842366297539595e+00
3.075349293543065521e+00
3.078856220788591891e+00
3.082363148034118261e+00
3.085870075279644631e+00
3.089377002525170557e+00
3.092883929770696927e+00
3.096390857016222853e+00
3.099897784261749223e+00
3.103404711507275593e+00
3.106911638752801963e+00
3.110418565998327889e+00
3.113925493243853815e+00
3.117432420489380185e+00
3.120939347734906555e+00
3.124446274980432925e+00
3.127953202225958851e+00
3.131460129471485221e+00
3.134967056717011147e+00
3.138473983962537517e+00
3.141980911208063887e+00
3.145487838453589813e+00
3.148994765699116183e+00
3.152501692944642109e+00
3.156008620190168479e+00
3.159515547435694849e+00
3.163022474681221219e+00
3.166529401926747145e+00
3.170036329172273515e+00
3.173543256417799441e+00
3.177050183663325811e+00
3.180557110908852181e+00
3.184064038154378107e+00
3.187570965399904477e+00
3.191077892645430403e+00
3.194584819890956773e+00
3.198091747136483143e+00
3.201598674382009513e+00
3.205105601627535439e+00
3.208612528873061365e+00
3.212119456118587735e+00
3.215626383364114105e+00
3.219133310609640475e+00
3.222640237855166401e+00
3.226147165100692771e+00
3.229654092346218697e+00
3.233161019591745067e+00
3.236667946837271437e+00
3.240174874082797807e+00
3.243681801328323733e+00
3.247188728573849659e+00
3.250695655819376029e+00
3.254202583064902399e+00
3.257709510310428769e+00
3.261216437555954695e+00
3.264723364801481065e+00
3.268230292047006991e+00
3.271737219292533361e+00
3.275244146538059731e+00
3.278751073783586101e+00
3.282258001029112027e+00
3.285764928274637953e+00
3.289271855520164323e+00
3.292778782765690693e+00
3.296285710011217063e+00
3.299792637256742989e+00
3.303299564502269359e+00
3.306806491747795285e+00
3.310313418993321655e+00
3.313820346238848025e+00
3.317327273484373951e+00
3.320834200729900321e+00
3.324341127975426247e+00
3.327848055220952617e+00
3.331354982466478987e+00
3.334861909712005357e+00
3.338368836957531283e+00
3.341875764203057653e+00
3.345382691448583579e+00
3.348889618694109949e+00
3.352396545939636319e+00
3.355903473185162245e+00
3.359410400430688615e+00
3.362917327676214541e+00
3.366424254921740911e+00
3.369931182167267281e+00
3.373438109412793651e+00
3.376945036658319577e+00
3.380451963903845503e+00
3.383958891149371873e+00
3.387465818394898243e+00
3.390972745640424613e+00
3.394479672885950539e+00
3.397986600131476909e+00
3.401493527377002835e+00
3.405000454622529205e+00
3.408507381868055575e+00
3.412014309113581945e+00
3.415521236359107871e+00
3.419028163604633797e+00
3.422535090850160167e+00
3.426042018095686537e+00
3.429548945341212907e+00
3.433055872586738833e+00
3.436562799832265203e+00
3.440069727077791129e+00
3.443576654323317499e+00
3.447083581568843869e+00
3.450590508814369795e+00
3.454097436059896165e+00
3.457604363305422090e+00
3.461111290550948461e+00
3.464618217796474831e+00
3.468125145042001201e+00
3.471632072287527127e+00
3.475138999533053497e+00
3.478645926778579422e+00
3.482152854024105793e+00
3.485659781269632163e+00
3.489166708515158088e+00
3.492673635760684459e+00
3.496180563006210384e+00
3.499687490251736754e+00
3.503194417497263125e+00
