3.393976853817444635e-03
8.541417330397992752e-03
1.204834457592419972e-02
1.555527182145040495e-02
1.906219906697661365e-02
2.256912631250281714e-02
2.607605355802902411e-02
2.958298080355523108e-02
3.308990804908143457e-02
3.659683529460763807e-02
4.010376254013385544e-02
4.361068978566005894e-02
4.711761703118626243e-02
5.062454427671246593e-02
5.413147152223868330e-02
5.763839876776488680e-02
6.114532601329109029e-02
6.465225325881729379e-02
6.815918050434349729e-02
7.166610774986970078e-02
7.517303499539590428e-02
7.867996224092213553e-02
8.218688948644833903e-02
8.569381673197454252e-02
8.920074397750074602e-02
9.270767122302694951e-02
9.621459846855315301e-02
9.972152571407935651e-02
1.032284529596055600e-01
1.067353802051317635e-01
1.102423074506579947e-01
1.137492346961841982e-01
1.172561619417104017e-01
1.207630891872366052e-01
1.242700164327628087e-01
1.277769436782890122e-01
1.312838709238152157e-01
1.347907981693414192e-01
1.382977254148676227e-01
1.418046526603938262e-01
1.453115799059200297e-01
1.488185071514462332e-01
1.523254343969724645e-01
1.558323616424986680e-01
1.593392888880248714e-01
1.628462161335510749e-01
1.663531433790772784e-01
1.698600706246034819e-01
1.733669978701296854e-01
1.768739251156558889e-01
1.803808523611820924e-01
1.838877796067083237e-01
1.873947068522345272e-01
1.909016340977607307e-01
1.944085613432869342e-01
1.979154885888131377e-01
2.014224158343393412e-01
2.049293430798655447e-01
2.084362703253917481e-01
2.119431975709179516e-01
2.154501248164441829e-01
2.189570520619703864e-01
2.224639793074965899e-01
2.259709065530227934e-01
2.294778337985489969e-01
2.329847610440752004e-01
2.364916882896014039e-01
2.399986155351276074e-01
2.435055427806538109e-01
2.470124700261800421e-01
2.505193972717062456e-01
2.540263245172324491e-01
2.575332517627586526e-01
2.610401790082848561e-01
2.645471062538110596e-01
2.680540334993372631e-01
2.715609607448634666e-01
2.750678879903896701e-01
2.785748152359158736e-01
2.820817424814420771e-01
2.855886697269682806e-01
2.890955969724944841e-01
2.926025242180206876e-01
2.961094514635469466e-01
2.996163787090731501e-01
3.031233059545993536e-01
3.066302332001255571e-01
3.101371604456517606e-01
3.136440876911779641e-01
3.171510149367041675e-01
3.206579421822303710e-01
3.241648694277565745e-01
3.276717966732827780e-01
3.311787239188089815e-01
3.346856511643351850e-01
3.381925784098613885e-01
3.416995056553875920e-01
3.452064329009137955e-01
3.487133601464399990e-01
3.522202873919662025e-01
3.557272146374924060e-01
3.592341418830186650e-01
3.627410691285448685e-01
3.662479963740710720e-01
3.697549236195972755e-01
3.732618508651234790e-01
3.767687781106496825e-01
3.802757053561758860e-01
3.837826326017020895e-01
3.872895598472282930e-01
3.907964870927544965e-01
3.943034143382807000e-01
3.978103415838069035e-01
4.013172688293331070e-01
4.048241960748593105e-01
4.083311233203855140e-01
4.118380505659117174e-01
4.153449778114379209e-01
4.188519050569641244e-01
4.223588323024903834e-01
4.258657595480165869e-01
4.293726867935427904e-01
4.328796140390689939e-01
4.363865412845951974e-01
4.398934685301214009e-01
4.434003957756476044e-01
4.469073230211738079e-01
4.504142502667000114e-01
4.539211775122262149e-01
4.574281047577524184e-01
4.609350320032786219e-01
4.644419592488048254e-01
4.679488864943310289e-01
4.714558137398572324e-01
4.749627409853834359e-01
4.784696682309096394e-01
4.819765954764358429e-01
4.854835227219620464e-01
4.889904499674883054e-01
4.924973772130145089e-01
4.960043044585407124e-01
4.995112317040669159e-01
5.030181589495931194e-01
5.065250861951192674e-01
5.100320134406455264e-01
5.135389406861716743e-01
5.170458679316979334e-01
5.205527951772241924e-01
5.240597224227503403e-01
5.275666496682765993e-01
5.310735769138027473e-01
5.345805041593290063e-01
5.380874314048551543e-01
5.415943586503814133e-01
5.451012858959075613e-01
5.486082131414338203e-01
5.521151403869599683e-01
5.556220676324862273e-01
5.591289948780123753e-01
5.626359221235386343e-01
5.661428493690647823e-01
5.696497766145910413e-01
5.731567038601171893e-01
5.766636311056434483e-01
5.801705583511695963e-01
5.836774855966958553e-01
5.871844128422221143e-01
5.906913400877482623e-01
5.941982673332745213e-01
5.977051945788006693e-01
6.012121218243269283e-01
6.047190490698530763e-01
6.082259763153793353e-01
6.117329035609054833e-01
6.152398308064317423e-01
6.187467580519578902e-01
6.222536852974841493e-01
6.257606125430102972e-01
6.292675397885365562e-01
6.327744670340627042e-01
6.362813942795889632e-01
6.397883215251151112e-01
6.432952487706413702e-01
6.468021760161676292e-01
6.503091032616937772e-01
6.538160305072200362e-01
6.573229577527461842e-01
6.608298849982724432e-01
6.643368122437985912e-01
6.678437394893248502e-01
6.713506667348509982e-01
6.748575939803772572e-01
6.783645212259034052e-01
6.818714484714296642e-01
6.853783757169558122e-01
6.888853029624820712e-01
6.923922302080082192e-01
6.958991574535344782e-01
6.994060846990606262e-01
7.029130119445868852e-01
7.064199391901130332e-01
7.099268664356392922e-01
7.134337936811655512e-01
7.169407209266916992e-01
7.204476481722179582e-01
7.239545754177441061e-01
7.274615026632703652e-01
7.309684299087965131e-01
7.344753571543227721e-01
7.379822843998489201e-01
7.414892116453751791e-01
7.449961388909013271e-01
7.485030661364275861e-01
7.520099933819537341e-01
7.555169206274799931e-01
7.590238478730061411e-01
7.625307751185324001e-01
7.660377023640585481e-01
7.695446296095848071e-01
7.730515568551109551e-01
7.765584841006372141e-01
7.800654113461634731e-01
7.835723385916896211e-01
7.870792658372158801e-01
7.905861930827420281e-01
7.940931203282682871e-01
7.976000475737944351e-01
8.011069748193206941e-01
8.046139020648468421e-01
8.081208293103731011e-01
8.116277565558992491e-01
8.151346838014255081e-01
8.186416110469516560e-01
8.221485382924779151e-01
8.256554655380040630e-01
8.291623927835303220e-01
8.326693200290564700e-01
8.361762472745827290e-01
8.396831745201089880e-01
8.431901017656351360e-01
8.466970290111613950e-01
8.502039562566875430e-01
8.537108835022138020e-01
8.572178107477399500e-01
8.607247379932662090e-01
8.642316652387923570e-01
8.677385924843186160e-01
8.712455197298447640e-01
8.747524469753710230e-01
8.782593742208971710e-01
8.817663014664234300e-01
8.852732287119495780e-01
8.887801559574758370e-01
8.922870832030019850e-01
8.957940104485282440e-01
8.993009376940543920e-01
9.028078649395806510e-01
9.063147921851069100e-01
9.098217194306330580e-01
9.133286466761593170e-01
9.168355739216854650e-01
9.203425011672117240e-01
9.238494284127378720e-01
9.273563556582641310e-01
9.308632829037902789e-01
9.343702101493165380e-01
9.378771373948426859e-01
9.413840646403689449e-01
9.448909918858950929e-01
9.483979191314213519e-01
9.519048463769474999e-01
9.554117736224737589e-01
9.589187008679999069e-01
9.624256281135261659e-01
9.659325553590523139e-01
9.694394826045785729e-01
9.729464098501048319e-01
9.764533370956309799e-01
9.799602643411572389e-01
9.834671915866833869e-01
9.869741188322096459e-01
9.904810460777357939e-01
9.939879733232620529e-01
9.974949005687882009e-01
1.001001827814314460e+00
1.004508755059840608e+00
1.008015682305366756e+00
1.011522609550893126e+00
1.015029536796419274e+00
1.018536464041945422e+00
1.022043391287471792e+00
1.025550318532997718e+00
1.029057245778524088e+00
1.032564173024050458e+00
1.036071100269576384e+00
1.039578027515102754e+00
1.043084954760628902e+00
1.046591882006155050e+00
1.050098809251681420e+00
1.053605736497207568e+00
1.057112663742733716e+00
1.060619590988260086e+00
1.064126518233786012e+00
1.067633445479312382e+00
1.071140372724838530e+00
1.074647299970364678e+00
1.078154227215891048e+00
1.081661154461417196e+00
1.085168081706943344e+00
1.088675008952469714e+00
1.092181936197995640e+00
1.095688863443522010e+00
1.099195790689048380e+00
1.102702717934574306e+00
1.106209645180100676e+00
1.109716572425626824e+00
1.113223499671152972e+00
1.116730426916679342e+00
1.120237354162205490e+00
1.123744281407731638e+00
1.127251208653258008e+00
1.130758135898783934e+00
1.134265063144310304e+00
1.137771990389836452e+00
1.141278917635362600e+00
1.144785844880888970e+00
1.148292772126415118e+00
1.151799699371941266e+00
1.155306626617467636e+00
1.158813553862993562e+00
1.162320481108519932e+00
1.165827408354046302e+00
1.169334335599572228e+00
1.172841262845098598e+00
1.176348190090624746e+00
1.179855117336150894e+00
1.183362044581677264e+00
1.186868971827203412e+00
1.190375899072729560e+00
1.193882826318255930e+00
1.197389753563781856e+00
1.200896680809308226e+00
1.204403608054834374e+00
1.207910535300360522e+00
1.211417462545886892e+00
1.214924389791413040e+00
1.218431317036939188e+00
1.221938244282465558e+00
1.225445171527991484e+00
1.228952098773517854e+00
1.232459026019044224e+00
1.235965953264570150e+00
1.239472880510096520e+00
1.242979807755622668e+00
1.246486735001148816e+00
1.249993662246675186e+00
1.253500589492201334e+00
1.257007516737727482e+00
1.260514443983253852e+00
1.264021371228779778e+00
1.267528298474306148e+00
1.271035225719832296e+00
1.274542152965358444e+00
1.278049080210884814e+00
1.281556007456410962e+00
1.285062934701937110e+00
1.288569861947463480e+00
1.292076789192989628e+00
1.295583716438515776e+00
1.299090643684042146e+00
1.302597570929568072e+00
1.306104498175094442e+00
1.309611425420620590e+00
1.313118352666146738e+00
1.316625279911673108e+00
1.320132207157199256e+00
1.323639134402725404e+00
1.327146061648251774e+00
1.330652988893777700e+00
1.334159916139304070e+00
1.337666843384830218e+00
1.341173770630356366e+00
1.344680697875882736e+00
1.348187625121408884e+00
1.351694552366935032e+00
1.355201479612461402e+00
1.358708406857987550e+00
1.362215334103513698e+00
1.365722261349040068e+00
1.369229188594565993e+00
1.372736115840092364e+00
1.376243043085618512e+00
1.379749970331144659e+00
1.383256897576671030e+00
1.386763824822197178e+00
1.390270752067723325e+00
1.393777679313249696e+00
1.397284606558775621e+00
1.400791533804301991e+00
1.404298461049828139e+00
1.407805388295354287e+00
1.411312315540880657e+00
1.414819242786406805e+00
1.418326170031932953e+00
1.421833097277459323e+00
1.425340024522985471e+00
1.428846951768511619e+00
1.432353879014037989e+00
1.435860806259563915e+00
1.439367733505090285e+00
1.442874660750616433e+00
1.446381587996142581e+00
1.449888515241668951e+00
1.453395442487195099e+00
1.456902369732721247e+00
1.460409296978247617e+00
1.463916224223773543e+00
1.467423151469299913e+00
1.470930078714826061e+00
1.474437005960352209e+00
1.477943933205878579e+00
1.481450860451404727e+00
1.484957787696930875e+00
1.488464714942457245e+00
1.491971642187983393e+00
1.495478569433509541e+00
1.498985496679035911e+00
1.502492423924561837e+00
1.505999351170088207e+00
1.509506278415614355e+00
1.513013205661140503e+00
1.516520132906666873e+00
1.520027060152193021e+00
1.523533987397719169e+00
1.527040914643245539e+00
1.530547841888771465e+00
1.534054769134297835e+00
1.537561696379823983e+00
1.541068623625350131e+00
1.544575550870876501e+00
1.548082478116402649e+00
1.551589405361928797e+00
1.555096332607455167e+00
1.558603259852981315e+00
1.562110187098507463e+00
1.565617114344033833e+00
1.569124041589559759e+00
1.572630968835086129e+00
1.576137896080612277e+00
1.579644823326138425e+00
1.583151750571664795e+00
1.586658677817190943e+00
1.590165605062717091e+00
1.593672532308243461e+00
1.597179459553769387e+00
1.600686386799295757e+00
1.604193314044821905e+00
1.607700241290348053e+00
1.611207168535874423e+00
1.614714095781400571e+00
1.618221023026926719e+00
1.621727950272453089e+00
1.625234877517979237e+00
1.628741804763505385e+00
1.632248732009031755e+00
1.635755659254557681e+00
1.639262586500084051e+00
1.642769513745610199e+00
1.646276440991136347e+00
1.649783368236662717e+00
1.653290295482188865e+00
1.656797222727715013e+00
1.660304149973241383e+00
1.663811077218767309e+00
1.667318004464293679e+00
1.670824931709820049e+00
1.674331858955345975e+00
1.677838786200872345e+00
1.681345713446398493e+00
1.684852640691924641e+00
1.688359567937451011e+00
1.691866495182977159e+00
1.695373422428503307e+00
1.698880349674029677e+00
1.702387276919555603e+00
1.705894204165081973e+00
1.709401131410608121e+00
1.712908058656134269e+00
1.716414985901660639e+00
1.719921913147186787e+00
1.723428840392712935e+00
1.726935767638239305e+00
1.730442694883765231e+00
1.733949622129291601e+00
1.737456549374817971e+00
1.740963476620343897e+00
1.744470403865870267e+00
1.747977331111396415e+00
1.751484258356922563e+00
1.754991185602448933e+00
1.758498112847975081e+00
1.762005040093501229e+00
1.765511967339027599e+00
1.769018894584553525e+00
1.772525821830079895e+00
1.776032749075606043e+00
1.779539676321132191e+00
1.783046603566658561e+00
1.786553530812184709e+00
1.790060458057710857e+00
1.793567385303237227e+00
1.797074312548763153e+00
1.800581239794289523e+00
1.804088167039815893e+00
1.807595094285341819e+00
1.811102021530868189e+00
1.814608948776394337e+00
1.818115876021920485e+00
1.821622803267446855e+00
1.825129730512973003e+00
1.828636657758499151e+00
1.832143585004025521e+00
1.835650512249551447e+00
1.839157439495077817e+00
1.842664366740603965e+00
1.846171293986130113e+00
1.849678221231656483e+00
1.853185148477182631e+00
1.856692075722708779e+00
1.860199002968235149e+00
1.863705930213761075e+00
1.867212857459287445e+00
1.870719784704813815e+00
1.874226711950339741e+00
1.877733639195866111e+00
1.881240566441392259e+00
1.884747493686918407e+00
1.888254420932444777e+00
1.891761348177970925e+00
1.895268275423497073e+00
1.898775202669023443e+00
1.902282129914549369e+00
1.905789057160075739e+00
1.909295984405601887e+00
1.912802911651128035e+00
1.916309838896654405e+00
1.919816766142180553e+00
1.923323693387706701e+00
1.926830620633233071e+00
1.930337547878758997e+00
1.933844475124285367e+00
1.937351402369811737e+00
1.940858329615337663e+00
1.944365256860864033e+00
1.947872184106390181e+00
1.951379111351916329e+00
1.954886038597442699e+00
1.958392965842968847e+00
1.961899893088494995e+00
1.965406820334021365e+00
1.968913747579547291e+00
1.972420674825073661e+00
1.975927602070599809e+00
1.979434529316125957e+00
1.982941456561652327e+00
1.986448383807178475e+00
1.989955311052704623e+00
1.993462238298230993e+00
1.996969165543757141e+00
2.000476092789283289e+00
2.003983020034809659e+00
2.007489947280335585e+00
2.010996874525861955e+00
2.014503801771388325e+00
2.018010729016914695e+00
2.021517656262441065e+00
2.025024583507966991e+00
2.028531510753492917e+00
2.032038437999019287e+00
2.035545365244545657e+00
2.039052292490072027e+00
2.042559219735597953e+00
2.046066146981123879e+00
2.049573074226650249e+00
2.053080001472176619e+00
2.056586928717702989e+00
2.060093855963229359e+00
2.063600783208755285e+00
2.067107710454281211e+00
2.070614637699807581e+00
2.074121564945333951e+00
2.077628492190860321e+00
2.081135419436386247e+00
2.084642346681912173e+00
2.088149273927438543e+00
2.091656201172964913e+00
2.095163128418491283e+00
2.098670055664017653e+00
2.102176982909543135e+00
2.105683910155069505e+00
2.109190837400595875e+00
2.112697764646122245e+00
2.116204691891648615e+00
2.119711619137174541e+00
2.123218546382700467e+00
2.126725473628226837e+00
2.130232400873753207e+00
2.133739328119279577e+00
2.137246255364805947e+00
2.140753182610331429e+00
2.144260109855857799e+00
2.147767037101384169e+00
2.151273964346910539e+00
2.154780891592436909e+00
2.158287818837962835e+00
2.161794746083488761e+00
2.165301673329015131e+00
2.168808600574541501e+00
2.172315527820067871e+00
2.175822455065593797e+00
2.179329382311119723e+00
2.182836309556646093e+00
2.186343236802172463e+00
2.189850164047698833e+00
2.193357091293225203e+00
2.196864018538751129e+00
2.200370945784277055e+00
2.203877873029803425e+00
2.207384800275329795e+00
2.210891727520856165e+00
2.214398654766382091e+00
2.217905582011908017e+00
2.221412509257434387e+00
2.224919436502960757e+00
2.228426363748487127e+00
2.231933290994013497e+00
2.235440218239538979e+00
2.238947145485065349e+00
2.242454072730591719e+00
2.245960999976118089e+00
2.249467927221644459e+00
2.252974854467170385e+00
2.256481781712696311e+00
2.259988708958222681e+00
2.263495636203749051e+00
2.267002563449275421e+00
2.270509490694801791e+00
2.274016417940327273e+00
2.277523345185853643e+00
2.281030272431380013e+00
2.284537199676906383e+00
2.288044126922432753e+00
2.291551054167958679e+00
2.295057981413484605e+00
2.298564908659010975e+00
2.302071835904537345e+00
2.305578763150063715e+00
2.309085690395589641e+00
2.312592617641115567e+00
2.316099544886641937e+00
2.319606472132168307e+00
2.323113399377694677e+00
2.326620326623221047e+00
2.330127253868746973e+00
2.333634181114272899e+00
2.337141108359799269e+00
2.340648035605325639e+00
2.344154962850852009e+00
2.347661890096377935e+00
2.351168817341903861e+00
2.354675744587430231e+00
2.358182671832956601e+00
2.361689599078482971e+00
2.365196526324009341e+00
2.368703453569534823e+00
2.372210380815061193e+00
2.375717308060587563e+00
2.379224235306113933e+00
2.382731162551640303e+00
2.386238089797166229e+00
2.389745017042692155e+00
2.393251944288218525e+00
2.396758871533744895e+00
2.400265798779271265e+00
2.403772726024797635e+00
2.407279653270323116e+00
2.410786580515849487e+00
2.414293507761375857e+00
2.417800435006902227e+00
2.421307362252428597e+00
2.424814289497954523e+00
2.428321216743480448e+00
2.431828143989006819e+00
2.435335071234533189e+00
2.438841998480059559e+00
2.442348925725585485e+00
2.445855852971111410e+00
2.449362780216637780e+00
2.452869707462164151e+00
2.456376634707690521e+00
2.459883561953216891e+00
2.463390489198742817e+00
2.466897416444268742e+00
2.470404343689795112e+00
2.473911270935321483e+00
2.477418198180847853e+00
2.480925125426373778e+00
2.484432052671899704e+00
2.487938979917426074e+00
2.491445907162952444e+00
2.494952834408478815e+00
2.498459761654005185e+00
2.501966688899530666e+00
2.505473616145057036e+00
2.508980543390583406e+00
2.512487470636109776e+00
2.515994397881636147e+00
2.519501325127162072e+00
2.523008252372687998e+00
2.526515179618214368e+00
2.530022106863740738e+00
2.533529034109267108e+00
2.537035961354793479e+00
2.540542888600318960e+00
2.544049815845845330e+00
2.547556743091371700e+00
2.551063670336898070e+00
2.554570597582424440e+00
2.558077524827950366e+00
2.561584452073476292e+00
2.565091379319002662e+00
2.568598306564529032e+00
2.572105233810055402e+00
2.575612161055581772e+00
2.579119088301107254e+00
2.582626015546633624e+00
2.586132942792159994e+00
2.589639870037686364e+00
2.593146797283212734e+00
2.596653724528738660e+00
2.600160651774264586e+00
2.603667579019790956e+00
2.607174506265317326e+00
2.610681433510843696e+00
2.614188360756369622e+00
2.617695288001895548e+00
2.621202215247421918e+00
2.624709142492948288e+00
2.628216069738474658e+00
2.631722996984001028e+00
2.635229924229526954e+00
2.638736851475052880e+00
2.642243778720579250e+00
2.645750705966105620e+00
2.649257633211631990e+00
2.652764560457157916e+00
2.656271487702683842e+00
2.659778414948210212e+00
2.663285342193736582e+00
2.666792269439262952e+00
2.670299196684789322e+00
2.673806123930314804e+00
2.677313051175841174e+00
2.680819978421367544e+00
2.684326905666893914e+00
2.687833832912420284e+00
2.691340760157946210e+00
2.694847687403472136e+00
2.698354614648998506e+00
2.701861541894524876e+00
2.705368469140051246e+00
2.708875396385577616e+00
2.712382323631103098e+00
2.715889250876629468e+00
2.719396178122155838e+00
2.722903105367682208e+00
2.726410032613208578e+00
2.729916959858734504e+00
2.733423887104260430e+00
2.736930814349786800e+00
2.740437741595313170e+00
2.743944668840839540e+00
2.747451596086365466e+00
2.750958523331891392e+00
2.754465450577417762e+00
2.757972377822944132e+00
2.761479305068470502e+00
2.764986232313996872e+00
2.768493159559522798e+00
2.772000086805048724e+00
2.775507014050575094e+00
2.779013941296101464e+00
2.782520868541627834e+00
2.786027795787153760e+00
2.789534723032679686e+00
2.793041650278206056e+00
2.796548577523732426e+00
2.800055504769258796e+00
2.803562432014785166e+00
2.807069359260310648e+00
2.810576286505837018e+00
2.814083213751363388e+00
2.817590140996889758e+00
2.821097068242416128e+00
2.824603995487942054e+00
2.828110922733467980e+00
2.831617849978994350e+00
2.835124777224520720e+00
2.838631704470047090e+00
2.842138631715573460e+00
2.845645558961098942e+00
2.849152486206625312e+00
2.852659413452151682e+00
2.856166340697678052e+00
2.859673267943204422e+00
2.863180195188730348e+00
2.866687122434256274e+00
2.870194049679782644e+00
2.873700976925309014e+00
2.877207904170835384e+00
2.880714831416361310e+00
2.884221758661887236e+00
2.887728685907413606e+00
2.891235613152939976e+00
2.894742540398466346e+00
2.898249467643992716e+00
2.901756394889518642e+00
2.905263322135044568e+00
2.908770249380570938e+00
2.912277176626097308e+00
2.915784103871623678e+00
2.919291031117149604e+00
2.922797958362675530e+00
2.926304885608201900e+00
2.929811812853728270e+00
2.933318740099254640e+00
2.936825667344781010e+00
2.940332594590306492e+00
2.943839521835832862e+00
2.947346449081359232e+00
2.950853376326885602e+00
2.954360303572411972e+00
2.957867230817937898e+00
2.961374158063463824e+00
2.964881085308990194e+00
2.968388012554516564e+00
2.971894939800042934e+00
2.975401867045569304e+00
2.978908794291094786e+00
2.982415721536621156e+00
2.985922648782147526e+00
2.989429576027673896e+00
2.992936503273200266e+00
2.996443430518726192e+00
2.999950357764252118e+00
3.003457285009778488e+00
3.006964212255304858e+00
3.010471139500831228e+00
3.013978066746357154e+00
3.017484993991883080e+00
3.020991921237409450e+00
3.024498848482935820e+00
3.028005775728462190e+00
3.031512702973988560e+00
3.035019630219514486e+00
3.038526557465040412e+00
3.042033484710566782e+00
3.045540411956093152e+00
3.049047339201619522e+00
3.052554266447145448e+00
3.056061193692671374e+00
3.059568120938197744e+00
3.063075048183724114e+00
3.066581975429250484e+00
3.070088902674776854e+00
3.073595829920302336e+00
3.077102757165828706e+00
3.080609684411355076e+00
3.084116611656881446e+00
3.087623538902407816e+00
3.091130466147933742e+00
3.094637393393459668e+00
3.098144320638986038e+00
3.101651247884512408e+00
3.105158175130038778e+00
3.108665102375565148e+00
3.112172029621090630e+00
3.115678956866617000e+00
3.119185884112143370e+00
3.122692811357669740e+00
3.126199738603196110e+00
3.129706665848722036e+00
3.133213593094247962e+00
3.136720520339774332e+00
3.140227447585300702e+00
3.143734374830827072e+00
3.147241302076352998e+00
3.150748229321878924e+00
3.154255156567405294e+00
3.157762083812931664e+00
3.161269011058458034e+00
3.164775938303984404e+00
3.168282865549510330e+00
3.171789792795036256e+00
3.175296720040562626e+00
3.178803647286088996e+00
3.182310574531615366e+00
3.185817501777141292e+00
3.189324429022667218e+00
3.192831356268193588e+00
3.196338283513719958e+00
3.199845210759246328e+00
3.203352138004772698e+00
3.206859065250298180e+00
3.210365992495824550e+00
3.213872919741350920e+00
3.217379846986877290e+00
3.220886774232403660e+00
3.224393701477929586e+00
3.227900628723455512e+00
3.231407555968981882e+00
3.234914483214508252e+00
3.238421410460034622e+00
3.241928337705560992e+00
3.245435264951086474e+00
3.248942192196612844e+00
3.252449119442139214e+00
3.255956046687665584e+00
3.259462973933191954e+00
3.262969901178717880e+00
3.266476828424243806e+00
3.269983755669770176e+00
3.273490682915296546e+00
3.276997610160822916e+00
3.280504537406349286e+00
3.284011464651874768e+00
3.287518391897401138e+00
3.291025319142927508e+00
3.294532246388453878e+00
3.298039173633980248e+00
3.301546100879506174e+00
3.305053028125032100e+00
3.308559955370558470e+00
3.312066882616084840e+00
3.315573809861611210e+00
3.319080737107137136e+00
3.322587664352663062e+00
3.326094591598189432e+00
3.329601518843715802e+00
3.333108446089242172e+00
3.336615373334768542e+00
3.340122300580294468e+00
3.343629227825820394e+00
3.347136155071346764e+00
3.350643082316873134e+00
3.354150009562399504e+00
3.357656936807925430e+00
3.361163864053451356e+00
3.364670791298977726e+00
3.368177718544504096e+00
3.371684645790030466e+00
3.375191573035556836e+00
3.378698500281082318e+00
3.382205427526608688e+00
3.385712354772135058e+00
3.389219282017661428e+00
3.392726209263187798e+00
3.396233136508713724e+00
3.399740063754239650e+00
3.403246990999766020e+00
3.406753918245292390e+00
3.410260845490818760e+00
3.413767772736345130e+00
3.417274699981870612e+00
3.420781627227396982e+00
3.424288554472923352e+00
3.427795481718449722e+00
3.431302408963976092e+00
3.434809336209502018e+00
3.438316263455027944e+00
3.441823190700554314e+00
3.445330117946080684e+00
3.448837045191607054e+00
3.452343972437132980e+00
3.455850899682658905e+00
3.459357826928185276e+00
3.462864754173711646e+00
3.466371681419238016e+00
3.469878608664764386e+00
3.473385535910290312e+00
3.476892463155816237e+00
3.480399390401342608e+00
3.483906317646868978e+00
3.487413244892395348e+00
3.490920172137921274e+00
3.494427099383447199e+00
3.497934026628973569e+00
3.501440953874499940e+00
