4.000000000000000000e+01
7.600000000000000000e+01
7.200000000000000000e+01
1.620000000000000000e+02
1.990000000000000000e+02
1.970000000000000000e+02
2.700000000000000000e+02
3.270000000000000000e+02
3.170000000000000000e+02
4.280000000000000000e+02
4.500000000000000000e+02
4.140000000000000000e+02
5.210000000000000000e+02
5.290000000000000000e+02
5.570000000000000000e+02
7.380000000000000000e+02
7.110000000000000000e+02
7.710000000000000000e+02
8.240000000000000000e+02
8.300000000000000000e+02
9.570000000000000000e+02
1.041000000000000000e+03
1.074000000000000000e+03
1.130000000000000000e+03
1.145000000000000000e+03
1.275000000000000000e+03
1.446000000000000000e+03
1.420000000000000000e+03
1.388000000000000000e+03
1.638000000000000000e+03
1.685000000000000000e+03
1.708000000000000000e+03
1.923000000000000000e+03
1.872000000000000000e+03
1.956000000000000000e+03
2.153000000000000000e+03
2.155000000000000000e+03
2.129000000000000000e+03
2.422000000000000000e+03
2.406000000000000000e+03
2.528000000000000000e+03
2.605000000000000000e+03
2.712000000000000000e+03
2.857000000000000000e+03
2.821000000000000000e+03
2.717000000000000000e+03
3.091000000000000000e+03
3.069000000000000000e+03
3.006000000000000000e+03
3.124000000000000000e+03
3.219000000000000000e+03
3.156000000000000000e+03
3.412000000000000000e+03
3.388000000000000000e+03
3.435000000000000000e+03
3.685000000000000000e+03
3.532000000000000000e+03
3.637000000000000000e+03
3.692000000000000000e+03
3.791000000000000000e+03
3.712000000000000000e+03
3.803000000000000000e+03
3.760000000000000000e+03
4.073000000000000000e+03
3.966000000000000000e+03
3.964000000000000000e+03
4.000000000000000000e+03
4.106000000000000000e+03
4.233000000000000000e+03
4.281000000000000000e+03
4.237000000000000000e+03
4.236000000000000000e+03
4.374000000000000000e+03
4.341000000000000000e+03
4.427000000000000000e+03
4.431000000000000000e+03
4.430000000000000000e+03
4.432000000000000000e+03
4.421000000000000000e+03
4.369000000000000000e+03
4.380000000000000000e+03
4.404000000000000000e+03
4.375000000000000000e+03
4.329000000000000000e+03
4.259000000000000000e+03
4.126000000000000000e+03
3.801000000000000000e+03
3.784000000000000000e+03
3.876000000000000000e+03
3.768000000000000000e+03
3.753000000000000000e+03
3.776000000000000000e+03
3.650000000000000000e+03
3.637000000000000000e+03
3.564000000000000000e+03
3.547000000000000000e+03
3.604000000000000000e+03
3.529000000000000000e+03
3.367000000000000000e+03
3.403000000000000000e+03
3.379000000000000000e+03
3.231000000000000000e+03
3.349000000000000000e+03
3.218000000000000000e+03
3.206000000000000000e+03
3.173000000000000000e+03
3.224000000000000000e+03
3.217000000000000000e+03
3.258000000000000000e+03
3.210000000000000000e+03
3.167000000000000000e+03
3.181000000000000000e+03
3.251000000000000000e+03
3.153000000000000000e+03
3.261000000000000000e+03
3.335000000000000000e+03
3.277000000000000000e+03
3.543000000000000000e+03
3.567000000000000000e+03
3.674000000000000000e+03
3.958000000000000000e+03
4.007000000000000000e+03
4.012000000000000000e+03
4.456000000000000000e+03
4.502000000000000000e+03
4.566000000000000000e+03
5.308000000000000000e+03
5.252000000000000000e+03
5.239000000000000000e+03
5.899000000000000000e+03
5.878000000000000000e+03
6.259000000000000000e+03
6.681000000000000000e+03
6.625000000000000000e+03
7.027000000000000000e+03
7.601000000000000000e+03
7.611000000000000000e+03
8.308000000000000000e+03
8.688000000000000000e+03
8.855000000000000000e+03
9.826000000000000000e+03
1.048800000000000000e+04
1.032500000000000000e+04
1.201900000000000000e+04
1.189400000000000000e+04
1.203700000000000000e+04
1.339200000000000000e+04
1.335500000000000000e+04
1.413600000000000000e+04
1.633900000000000000e+04
1.624500000000000000e+04
1.813800000000000000e+04
2.045300000000000000e+04
2.048100000000000000e+04
2.348500000000000000e+04
2.625900000000000000e+04
2.608600000000000000e+04
3.062400000000000000e+04
3.334700000000000000e+04
3.372100000000000000e+04
3.932400000000000000e+04
4.071100000000000000e+04
4.047400000000000000e+04
4.731800000000000000e+04
4.708300000000000000e+04
4.816100000000000000e+04
5.222700000000000000e+04
5.301600000000000000e+04
5.321700000000000000e+04
5.554600000000000000e+04
5.585200000000000000e+04
5.636000000000000000e+04
5.702200000000000000e+04
5.781900000000000000e+04
5.764400000000000000e+04
5.844900000000000000e+04
5.831500000000000000e+04
5.848800000000000000e+04
5.843700000000000000e+04
5.885200000000000000e+04
5.795400000000000000e+04
5.842000000000000000e+04
5.817300000000000000e+04
5.716500000000000000e+04
5.728100000000000000e+04
5.739200000000000000e+04
5.608100000000000000e+04
5.553800000000000000e+04
5.518100000000000000e+04
5.411800000000000000e+04
5.412100000000000000e+04
5.312900000000000000e+04
5.118000000000000000e+04
5.153900000000000000e+04
4.879600000000000000e+04
4.745000000000000000e+04
4.712400000000000000e+04
4.278300000000000000e+04
4.116800000000000000e+04
4.166200000000000000e+04
3.463000000000000000e+04
3.392500000000000000e+04
3.350500000000000000e+04
2.602600000000000000e+04
2.605900000000000000e+04
2.448900000000000000e+04
2.013000000000000000e+04
2.000300000000000000e+04
1.852500000000000000e+04
1.554300000000000000e+04
1.553700000000000000e+04
1.380300000000000000e+04
1.167000000000000000e+04
1.198700000000000000e+04
9.975000000000000000e+03
8.964000000000000000e+03
9.076000000000000000e+03
7.391000000000000000e+03
6.874000000000000000e+03
6.900000000000000000e+03
5.309000000000000000e+03
5.255000000000000000e+03
5.170000000000000000e+03
4.090000000000000000e+03
4.180000000000000000e+03
4.040000000000000000e+03
3.317000000000000000e+03
3.522000000000000000e+03
3.120000000000000000e+03
2.799000000000000000e+03
2.836000000000000000e+03
2.663000000000000000e+03
2.250000000000000000e+03
2.468000000000000000e+03
2.300000000000000000e+03
2.213000000000000000e+03
2.152000000000000000e+03
1.991000000000000000e+03
1.882000000000000000e+03
1.883000000000000000e+03
1.745000000000000000e+03
1.724000000000000000e+03
1.742000000000000000e+03
1.614000000000000000e+03
1.836000000000000000e+03
1.693000000000000000e+03
1.645000000000000000e+03
1.634000000000000000e+03
1.643000000000000000e+03
1.583000000000000000e+03
1.522000000000000000e+03
1.515000000000000000e+03
1.526000000000000000e+03
1.521000000000000000e+03
1.317000000000000000e+03
1.283000000000000000e+03
1.271000000000000000e+03
1.221000000000000000e+03
1.168000000000000000e+03
1.141000000000000000e+03
8.740000000000000000e+02
9.170000000000000000e+02
9.000000000000000000e+02
6.760000000000000000e+02
6.960000000000000000e+02
6.540000000000000000e+02
6.010000000000000000e+02
5.560000000000000000e+02
6.000000000000000000e+02
5.280000000000000000e+02
5.480000000000000000e+02
5.540000000000000000e+02
5.490000000000000000e+02
5.540000000000000000e+02
5.520000000000000000e+02
5.780000000000000000e+02
5.850000000000000000e+02
6.320000000000000000e+02
6.300000000000000000e+02
6.170000000000000000e+02
6.880000000000000000e+02
6.600000000000000000e+02
6.480000000000000000e+02
8.360000000000000000e+02
8.430000000000000000e+02
8.290000000000000000e+02
9.210000000000000000e+02
9.360000000000000000e+02
9.150000000000000000e+02
9.210000000000000000e+02
8.960000000000000000e+02
9.180000000000000000e+02
8.620000000000000000e+02
9.040000000000000000e+02
7.940000000000000000e+02
7.790000000000000000e+02
7.720000000000000000e+02
8.420000000000000000e+02
8.670000000000000000e+02
8.460000000000000000e+02
8.780000000000000000e+02
9.390000000000000000e+02
9.620000000000000000e+02
9.380000000000000000e+02
9.650000000000000000e+02
9.870000000000000000e+02
9.310000000000000000e+02
9.150000000000000000e+02
9.680000000000000000e+02
9.480000000000000000e+02
9.470000000000000000e+02
9.360000000000000000e+02
9.840000000000000000e+02
9.150000000000000000e+02
9.200000000000000000e+02
9.840000000000000000e+02
9.440000000000000000e+02
8.730000000000000000e+02
9.250000000000000000e+02
9.330000000000000000e+02
8.700000000000000000e+02
8.790000000000000000e+02
9.110000000000000000e+02
8.990000000000000000e+02
9.630000000000000000e+02
9.140000000000000000e+02
9.240000000000000000e+02
1.019000000000000000e+03
9.960000000000000000e+02
9.870000000000000000e+02
9.850000000000000000e+02
9.660000000000000000e+02
9.420000000000000000e+02
9.870000000000000000e+02
9.700000000000000000e+02
8.850000000000000000e+02
9.590000000000000000e+02
8.320000000000000000e+02
7.960000000000000000e+02
7.940000000000000000e+02
6.330000000000000000e+02
5.880000000000000000e+02
5.260000000000000000e+02
3.320000000000000000e+02
3.450000000000000000e+02
2.650000000000000000e+02
1.740000000000000000e+02
1.990000000000000000e+02
1.350000000000000000e+02
1.320000000000000000e+02
1.180000000000000000e+02
1.080000000000000000e+02
1.150000000000000000e+02
1.180000000000000000e+02
1.280000000000000000e+02
1.050000000000000000e+02
1.170000000000000000e+02
1.100000000000000000e+02
1.030000000000000000e+02
9.400000000000000000e+01
8.800000000000000000e+01
9.400000000000000000e+01
9.300000000000000000e+01
7.300000000000000000e+01
1.010000000000000000e+02
7.700000000000000000e+01
7.200000000000000000e+01
6.500000000000000000e+01
4.800000000000000000e+01
5.800000000000000000e+01
5.300000000000000000e+01
6.800000000000000000e+01
5.200000000000000000e+01
5.700000000000000000e+01
5.200000000000000000e+01
4.000000000000000000e+01
4.200000000000000000e+01
4.100000000000000000e+01
5.000000000000000000e+01
4.800000000000000000e+01
5.000000000000000000e+01
5.700000000000000000e+01
5.000000000000000000e+01
3.900000000000000000e+01
5.400000000000000000e+01
6.000000000000000000e+01
6.400000000000000000e+01
4.200000000000000000e+01
4.600000000000000000e+01
5.400000000000000000e+01
5.100000000000000000e+01
7.200000000000000000e+01
5.100000000000000000e+01
5.900000000000000000e+01
6.100000000000000000e+01
7.100000000000000000e+01
6.000000000000000000e+01
5.100000000000000000e+01
4.900000000000000000e+01
5.900000000000000000e+01
5.700000000000000000e+01
7.400000000000000000e+01
5.400000000000000000e+01
7.700000000000000000e+01
7.300000000000000000e+01
6.600000000000000000e+01
8.000000000000000000e+01
7.800000000000000000e+01
7.100000000000000000e+01
8.600000000000000000e+01
6.800000000000000000e+01
8.800000000000000000e+01
8.500000000000000000e+01
8.300000000000000000e+01
8.600000000000000000e+01
7.700000000000000000e+01
6.900000000000000000e+01
1.000000000000000000e+02
8.200000000000000000e+01
8.100000000000000000e+01
8.400000000000000000e+01
7.700000000000000000e+01
1.030000000000000000e+02
8.100000000000000000e+01
9.400000000000000000e+01
6.900000000000000000e+01
1.020000000000000000e+02
9.400000000000000000e+01
1.040000000000000000e+02
1.050000000000000000e+02
8.600000000000000000e+01
8.200000000000000000e+01
9.400000000000000000e+01
9.000000000000000000e+01
1.000000000000000000e+02
9.800000000000000000e+01
1.100000000000000000e+02
9.400000000000000000e+01
7.900000000000000000e+01
8.400000000000000000e+01
7.900000000000000000e+01
8.000000000000000000e+01
9.400000000000000000e+01
7.200000000000000000e+01
8.300000000000000000e+01
1.030000000000000000e+02
8.900000000000000000e+01
8.100000000000000000e+01
1.040000000000000000e+02
1.020000000000000000e+02
1.080000000000000000e+02
1.070000000000000000e+02
8.400000000000000000e+01
1.040000000000000000e+02
9.800000000000000000e+01
8.500000000000000000e+01
7.800000000000000000e+01
8.900000000000000000e+01
9.600000000000000000e+01
9.800000000000000000e+01
9.100000000000000000e+01
8.200000000000000000e+01
8.000000000000000000e+01
9.700000000000000000e+01
7.600000000000000000e+01
9.900000000000000000e+01
7.600000000000000000e+01
7.500000000000000000e+01
8.900000000000000000e+01
9.300000000000000000e+01
8.200000000000000000e+01
8.000000000000000000e+01
1.050000000000000000e+02
9.700000000000000000e+01
1.140000000000000000e+02
9.900000000000000000e+01
8.600000000000000000e+01
1.000000000000000000e+02
8.700000000000000000e+01
1.070000000000000000e+02
8.100000000000000000e+01
8.300000000000000000e+01
9.100000000000000000e+01
8.600000000000000000e+01
9.700000000000000000e+01
1.030000000000000000e+02
9.100000000000000000e+01
8.600000000000000000e+01
9.300000000000000000e+01
8.200000000000000000e+01
8.300000000000000000e+01
7.000000000000000000e+01
8.600000000000000000e+01
6.400000000000000000e+01
8.000000000000000000e+01
8.000000000000000000e+01
9.500000000000000000e+01
8.600000000000000000e+01
6.300000000000000000e+01
7.900000000000000000e+01
8.000000000000000000e+01
9.300000000000000000e+01
7.300000000000000000e+01
8.400000000000000000e+01
8.000000000000000000e+01
8.100000000000000000e+01
7.800000000000000000e+01
7.700000000000000000e+01
7.500000000000000000e+01
8.500000000000000000e+01
8.500000000000000000e+01
8.100000000000000000e+01
7.000000000000000000e+01
7.400000000000000000e+01
7.200000000000000000e+01
6.400000000000000000e+01
7.100000000000000000e+01
6.300000000000000000e+01
7.900000000000000000e+01
8.800000000000000000e+01
6.900000000000000000e+01
8.300000000000000000e+01
8.200000000000000000e+01
7.000000000000000000e+01
7.800000000000000000e+01
9.700000000000000000e+01
1.030000000000000000e+02
8.800000000000000000e+01
1.070000000000000000e+02
1.000000000000000000e+02
9.400000000000000000e+01
8.800000000000000000e+01
7.700000000000000000e+01
8.300000000000000000e+01
8.700000000000000000e+01
8.100000000000000000e+01
9.300000000000000000e+01
6.700000000000000000e+01
9.700000000000000000e+01
8.000000000000000000e+01
8.300000000000000000e+01
8.800000000000000000e+01
1.030000000000000000e+02
5.900000000000000000e+01
8.900000000000000000e+01
6.600000000000000000e+01
7.400000000000000000e+01
9.000000000000000000e+01
8.200000000000000000e+01
9.200000000000000000e+01
7.500000000000000000e+01
7.500000000000000000e+01
7.500000000000000000e+01
9.100000000000000000e+01
8.000000000000000000e+01
8.900000000000000000e+01
9.300000000000000000e+01
7.000000000000000000e+01
7.700000000000000000e+01
6.600000000000000000e+01
8.700000000000000000e+01
8.300000000000000000e+01
7.800000000000000000e+01
9.600000000000000000e+01
8.100000000000000000e+01
8.000000000000000000e+01
9.300000000000000000e+01
7.200000000000000000e+01
9.500000000000000000e+01
7.600000000000000000e+01
9.100000000000000000e+01
8.100000000000000000e+01
6.700000000000000000e+01
9.700000000000000000e+01
8.600000000000000000e+01
1.020000000000000000e+02
8.800000000000000000e+01
7.900000000000000000e+01
1.070000000000000000e+02
9.000000000000000000e+01
8.600000000000000000e+01
1.020000000000000000e+02
9.300000000000000000e+01
9.300000000000000000e+01
1.030000000000000000e+02
1.050000000000000000e+02
8.300000000000000000e+01
9.500000000000000000e+01
9.300000000000000000e+01
1.010000000000000000e+02
8.500000000000000000e+01
9.700000000000000000e+01
8.900000000000000000e+01
8.200000000000000000e+01
9.600000000000000000e+01
8.900000000000000000e+01
9.200000000000000000e+01
7.300000000000000000e+01
9.700000000000000000e+01
9.300000000000000000e+01
7.700000000000000000e+01
9.700000000000000000e+01
8.600000000000000000e+01
8.600000000000000000e+01
9.000000000000000000e+01
9.300000000000000000e+01
1.010000000000000000e+02
1.030000000000000000e+02
9.300000000000000000e+01
8.700000000000000000e+01
8.800000000000000000e+01
8.000000000000000000e+01
9.000000000000000000e+01
6.500000000000000000e+01
6.100000000000000000e+01
9.200000000000000000e+01
9.200000000000000000e+01
8.800000000000000000e+01
8.400000000000000000e+01
7.000000000000000000e+01
8.200000000000000000e+01
7.200000000000000000e+01
8.800000000000000000e+01
9.100000000000000000e+01
8.800000000000000000e+01
9.700000000000000000e+01
7.300000000000000000e+01
7.300000000000000000e+01
7.600000000000000000e+01
8.500000000000000000e+01
8.000000000000000000e+01
8.400000000000000000e+01
7.900000000000000000e+01
7.800000000000000000e+01
9.700000000000000000e+01
7.600000000000000000e+01
7.300000000000000000e+01
7.400000000000000000e+01
8.000000000000000000e+01
9.000000000000000000e+01
7.400000000000000000e+01
8.100000000000000000e+01
7.800000000000000000e+01
9.900000000000000000e+01
8.600000000000000000e+01
8.000000000000000000e+01
7.800000000000000000e+01
8.400000000000000000e+01
7.300000000000000000e+01
8.600000000000000000e+01
8.000000000000000000e+01
9.200000000000000000e+01
8.500000000000000000e+01
6.800000000000000000e+01
8.200000000000000000e+01
7.300000000000000000e+01
8.300000000000000000e+01
8.900000000000000000e+01
7.800000000000000000e+01
9.500000000000000000e+01
8.800000000000000000e+01
7.000000000000000000e+01
6.700000000000000000e+01
8.000000000000000000e+01
7.900000000000000000e+01
1.000000000000000000e+02
7.500000000000000000e+01
7.900000000000000000e+01
8.000000000000000000e+01
7.600000000000000000e+01
6.100000000000000000e+01
7.800000000000000000e+01
7.200000000000000000e+01
8.300000000000000000e+01
8.000000000000000000e+01
9.900000000000000000e+01
7.500000000000000000e+01
7.600000000000000000e+01
8.900000000000000000e+01
7.200000000000000000e+01
8.400000000000000000e+01
9.300000000000000000e+01
8.300000000000000000e+01
6.100000000000000000e+01
7.900000000000000000e+01
7.700000000000000000e+01
7.500000000000000000e+01
8.400000000000000000e+01
8.100000000000000000e+01
7.400000000000000000e+01
6.800000000000000000e+01
8.800000000000000000e+01
6.700000000000000000e+01
7.200000000000000000e+01
7.600000000000000000e+01
6.700000000000000000e+01
8.200000000000000000e+01
6.000000000000000000e+01
7.600000000000000000e+01
6.200000000000000000e+01
6.200000000000000000e+01
7.000000000000000000e+01
6.200000000000000000e+01
5.600000000000000000e+01
6.700000000000000000e+01
6.500000000000000000e+01
7.300000000000000000e+01
6.600000000000000000e+01
6.500000000000000000e+01
8.700000000000000000e+01
7.800000000000000000e+01
6.700000000000000000e+01
7.700000000000000000e+01
5.900000000000000000e+01
6.700000000000000000e+01
7.300000000000000000e+01
7.200000000000000000e+01
7.400000000000000000e+01
7.200000000000000000e+01
6.800000000000000000e+01
6.000000000000000000e+01
6.200000000000000000e+01
6.400000000000000000e+01
6.200000000000000000e+01
5.600000000000000000e+01
5.400000000000000000e+01
5.700000000000000000e+01
5.800000000000000000e+01
4.300000000000000000e+01
4.900000000000000000e+01
5.900000000000000000e+01
6.200000000000000000e+01
7.500000000000000000e+01
5.200000000000000000e+01
5.400000000000000000e+01
4.800000000000000000e+01
5.500000000000000000e+01
5.500000000000000000e+01
5.600000000000000000e+01
6.600000000000000000e+01
5.200000000000000000e+01
5.700000000000000000e+01
6.900000000000000000e+01
4.600000000000000000e+01
5.300000000000000000e+01
5.200000000000000000e+01
6.000000000000000000e+01
5.200000000000000000e+01
4.900000000000000000e+01
6.200000000000000000e+01
5.700000000000000000e+01
5.300000000000000000e+01
5.100000000000000000e+01
6.700000000000000000e+01
5.800000000000000000e+01
4.200000000000000000e+01
5.100000000000000000e+01
5.300000000000000000e+01
5.100000000000000000e+01
6.300000000000000000e+01
5.500000000000000000e+01
5.500000000000000000e+01
6.400000000000000000e+01
4.600000000000000000e+01
5.000000000000000000e+01
4.700000000000000000e+01
4.800000000000000000e+01
4.600000000000000000e+01
5.400000000000000000e+01
4.000000000000000000e+01
4.800000000000000000e+01
5.400000000000000000e+01
5.200000000000000000e+01
5.000000000000000000e+01
5.900000000000000000e+01
4.500000000000000000e+01
5.400000000000000000e+01
4.500000000000000000e+01
5.700000000000000000e+01
3.900000000000000000e+01
5.500000000000000000e+01
5.600000000000000000e+01
4.200000000000000000e+01
6.700000000000000000e+01
5.300000000000000000e+01
5.300000000000000000e+01
5.000000000000000000e+01
5.500000000000000000e+01
4.900000000000000000e+01
5.200000000000000000e+01
4.200000000000000000e+01
3.400000000000000000e+01
4.600000000000000000e+01
5.200000000000000000e+01
5.100000000000000000e+01
3.600000000000000000e+01
5.000000000000000000e+01
3.300000000000000000e+01
6.300000000000000000e+01
4.000000000000000000e+01
5.800000000000000000e+01
5.900000000000000000e+01
5.700000000000000000e+01
5.000000000000000000e+01
6.300000000000000000e+01
5.500000000000000000e+01
4.300000000000000000e+01
4.700000000000000000e+01
4.400000000000000000e+01
5.400000000000000000e+01
3.100000000000000000e+01
6.700000000000000000e+01
4.600000000000000000e+01
5.700000000000000000e+01
5.500000000000000000e+01
5.700000000000000000e+01
5.000000000000000000e+01
4.500000000000000000e+01
4.100000000000000000e+01
4.400000000000000000e+01
5.800000000000000000e+01
4.600000000000000000e+01
5.100000000000000000e+01
5.300000000000000000e+01
5.600000000000000000e+01
4.400000000000000000e+01
4.700000000000000000e+01
5.000000000000000000e+01
4.200000000000000000e+01
4.400000000000000000e+01
5.100000000000000000e+01
3.700000000000000000e+01
4.900000000000000000e+01
5.100000000000000000e+01
3.900000000000000000e+01
4.300000000000000000e+01
5.600000000000000000e+01
3.900000000000000000e+01
5.900000000000000000e+01
3.600000000000000000e+01
4.100000000000000000e+01
4.600000000000000000e+01
3.800000000000000000e+01
4.700000000000000000e+01
4.200000000000000000e+01
3.100000000000000000e+01
5.400000000000000000e+01
4.300000000000000000e+01
4.500000000000000000e+01
5.200000000000000000e+01
3.000000000000000000e+01
4.500000000000000000e+01
4.500000000000000000e+01
4.100000000000000000e+01
4.000000000000000000e+01
4.900000000000000000e+01
4.100000000000000000e+01
5.400000000000000000e+01
4.200000000000000000e+01
3.800000000000000000e+01
5.500000000000000000e+01
3.200000000000000000e+01
4.700000000000000000e+01
4.400000000000000000e+01
3.900000000000000000e+01
4.300000000000000000e+01
4.600000000000000000e+01
3.600000000000000000e+01
4.100000000000000000e+01
4.300000000000000000e+01
4.500000000000000000e+01
4.500000000000000000e+01
3.300000000000000000e+01
4.100000000000000000e+01
4.500000000000000000e+01
3.400000000000000000e+01
4.700000000000000000e+01
4.500000000000000000e+01
4.300000000000000000e+01
3.000000000000000000e+01
3.800000000000000000e+01
3.900000000000000000e+01
2.900000000000000000e+01
3.400000000000000000e+01
4.000000000000000000e+01
3.100000000000000000e+01
3.900000000000000000e+01
2.400000000000000000e+01
3.700000000000000000e+01
3.000000000000000000e+01
5.100000000000000000e+01
3.300000000000000000e+01
3.100000000000000000e+01
3.100000000000000000e+01
3.700000000000000000e+01
3.200000000000000000e+01
2.600000000000000000e+01
3.200000000000000000e+01
3.200000000000000000e+01
2.500000000000000000e+01
2.800000000000000000e+01
2.900000000000000000e+01
3.000000000000000000e+01
2.500000000000000000e+01
2.900000000000000000e+01
3.200000000000000000e+01
3.800000000000000000e+01
2.500000000000000000e+01
3.300000000000000000e+01
2.400000000000000000e+01
3.200000000000000000e+01
2.700000000000000000e+01
3.800000000000000000e+01
1.800000000000000000e+01
3.600000000000000000e+01
4.100000000000000000e+01
3.200000000000000000e+01
2.800000000000000000e+01
2.800000000000000000e+01
3.200000000000000000e+01
2.500000000000000000e+01
2.300000000000000000e+01
2.300000000000000000e+01
2.400000000000000000e+01
1.800000000000000000e+01
2.000000000000000000e+01
2.000000000000000000e+01
2.600000000000000000e+01
2.900000000000000000e+01
2.900000000000000000e+01
1.800000000000000000e+01
3.300000000000000000e+01
2.200000000000000000e+01
2.200000000000000000e+01
2.700000000000000000e+01
2.400000000000000000e+01
2.000000000000000000e+01
2.000000000000000000e+01
2.500000000000000000e+01
3.400000000000000000e+01
2.300000000000000000e+01
2.400000000000000000e+01
1.600000000000000000e+01
2.400000000000000000e+01
2.500000000000000000e+01
2.500000000000000000e+01
2.000000000000000000e+01
3.000000000000000000e+01
2.000000000000000000e+01
2.100000000000000000e+01
1.500000000000000000e+01
2.700000000000000000e+01
1.600000000000000000e+01
1.200000000000000000e+01
2.500000000000000000e+01
1.600000000000000000e+01
2.000000000000000000e+01
3.000000000000000000e+01
2.200000000000000000e+01
1.700000000000000000e+01
1.500000000000000000e+01
1.700000000000000000e+01
2.100000000000000000e+01
1.900000000000000000e+01
1.900000000000000000e+01
1.600000000000000000e+01
1.700000000000000000e+01
1.600000000000000000e+01
1.300000000000000000e+01
1.300000000000000000e+01
2.200000000000000000e+01
1.500000000000000000e+01
1.700000000000000000e+01
1.300000000000000000e+01
1.000000000000000000e+01
1.600000000000000000e+01
1.300000000000000000e+01
7.000000000000000000e+00
1.200000000000000000e+01
6.000000000000000000e+00
1.100000000000000000e+01
7.000000000000000000e+00
1.000000000000000000e+01
2.000000000000000000e+01
1.500000000000000000e+01
2.000000000000000000e+01
1.400000000000000000e+01
1.300000000000000000e+01
1.600000000000000000e+01
1.000000000000000000e+01
1.200000000000000000e+01
1.800000000000000000e+01
1.300000000000000000e+01
9.000000000000000000e+00
1.800000000000000000e+01
9.000000000000000000e+00
1.500000000000000000e+01
1.100000000000000000e+01
