5.992392924233591884e+02
1.191129750173609864e+03
1.121286592812515437e+03
2.391290269967199492e+03
3.087535353089746422e+03
2.912030543174012564e+03
3.944810843380548249e+03
4.800357069516092452e+03
4.750255997550237225e+03
6.254527044647664297e+03
6.563087466783163109e+03
6.061612195296904247e+03
7.283346657619847974e+03
7.437038254747014435e+03
8.057582489373300632e+03
1.052096885023469804e+04
1.030862673408832052e+04
1.092167182810265513e+04
1.156289000686159125e+04
1.174351847200510383e+04
1.364536983876672457e+04
1.511119030509886215e+04
1.522511827249347698e+04
1.548104047893715324e+04
1.564000157317545381e+04
1.718785485309598153e+04
1.923956187551366747e+04
1.873738532549631782e+04
1.833591057906718925e+04
2.124652059578098124e+04
2.203436087953113019e+04
2.198876624214934418e+04
2.517878554349340266e+04
2.435837039677082794e+04
2.517511653989553452e+04
2.762986769344453933e+04
2.775926730991428485e+04
2.702513736407336546e+04
3.084449475311412243e+04
3.096935112420428777e+04
3.203757045522436965e+04
3.254448466792749241e+04
3.407282626091723796e+04
3.652654549512616359e+04
3.627060390220081899e+04
3.460739101262367330e+04
3.873756233572505880e+04
3.858368810710473917e+04
3.746661686114943586e+04
3.854845576014032122e+04
4.031875324322457891e+04
3.865392829360184260e+04
4.190961948916863184e+04
4.176487555143469945e+04
4.239825329587701708e+04
4.482520176378288306e+04
4.323653141413792036e+04
4.447422580050653778e+04
4.480942280769837089e+04
4.672028768162801862e+04
4.491305463948799297e+04
4.625460000413167290e+04
4.572062136783567257e+04
4.931148216313519515e+04
4.785891058753291145e+04
4.799629835066315718e+04
4.799445767085067928e+04
4.929352977254427969e+04
5.089024938553478569e+04
5.155755022972030565e+04
5.136784859719616361e+04
5.104938922466337681e+04
5.215652047272259369e+04
5.213613436619122513e+04
5.267496457538800314e+04
5.302155817765928805e+04
5.291449520090501755e+04
5.301886632376490161e+04
5.256045388166652992e+04
5.217832080546626821e+04
5.281713229266414419e+04
5.277627607453428209e+04
5.205240852296492085e+04
5.193822579449554905e+04
5.137435351388249546e+04
5.004748854004545137e+04
4.636525250668870285e+04
4.553162094631511718e+04
4.697404195628501475e+04
4.526996127192769200e+04
4.537065303088212386e+04
4.585711536317039281e+04
4.353586039543943480e+04
4.358745657651498914e+04
4.262426401009829715e+04
4.181052945544524118e+04
4.303207500631222501e+04
4.186580580197693780e+04
3.939859492324804887e+04
3.992469098860025406e+04
3.953638068814994767e+04
3.799174357414850965e+04
3.895622404981637374e+04
3.701218899594293907e+04
3.681664944279380143e+04
3.635331152041349560e+04
3.713413602775428444e+04
3.677805141052417457e+04
3.706110293007688597e+04
3.662305345576722175e+04
3.591388556621968746e+04
3.620142375276470557e+04
3.736294800854893401e+04
3.613887496068794280e+04
3.726735269030136988e+04
3.800076494453055784e+04
3.736267283004242927e+04
4.023420852424949408e+04
4.107890883791306987e+04
4.188682566999271512e+04
4.620640091296285391e+04
4.674683819485083222e+04
4.655785698291473091e+04
5.312751690154056996e+04
5.379374134429637343e+04
5.458446103606745601e+04
6.494823999289143831e+04
6.422595738260168582e+04
6.446249190674722195e+04
7.426168983425665647e+04
7.356887142492458224e+04
7.897074906027503312e+04
8.501185658930521458e+04
8.490033231481630355e+04
9.095591527125239372e+04
9.861776068279426545e+04
9.911878250565472990e+04
1.101325741656338796e+05
1.156848875259449705e+05
1.178825821088617668e+05
1.330223963510999456e+05
1.434984519291846082e+05
1.407765270904237404e+05
1.675144796966928989e+05
1.672400071833161637e+05
1.683472484542727470e+05
1.922511947846468538e+05
1.909779415808375925e+05
2.041378190602306277e+05
2.397075462564127520e+05
2.375309418945703655e+05
2.698875506753651425e+05
3.085203881691200659e+05
3.093076747836815193e+05
3.591286239040140063e+05
4.059548719654791057e+05
4.045501866267323494e+05
4.785601510220058262e+05
5.264392481942214072e+05
5.312950303996615112e+05
6.264152365398425609e+05
6.510074707022812217e+05
6.440436515540052205e+05
7.583273764588739723e+05
7.537717997891809791e+05
7.719908302734233439e+05
8.343886679317262024e+05
8.494277087269574404e+05
8.491546854904741049e+05
8.818663799659609795e+05
8.869781772301755846e+05
8.931021716120429337e+05
9.005383137734048069e+05
9.114960910052619874e+05
9.032345431987047195e+05
9.171727138837501407e+05
9.123338453636653721e+05
9.137498710496388376e+05
9.099042113429941237e+05
9.173442415914237499e+05
8.997685280898846686e+05
9.066965217222385108e+05
9.019923230629749596e+05
8.821993351514041424e+05
8.845557136900313199e+05
8.836602055544406176e+05
8.595107794835008681e+05
8.527616705326661468e+05
8.460767411045879126e+05
8.272506516176015139e+05
8.257503854137510061e+05
8.128174406110346317e+05
7.787726474064514041e+05
7.854724657017439604e+05
7.389341578158363700e+05
7.153424243996292353e+05
7.115165535786673427e+05
6.428241193314120173e+05
6.160082377246767282e+05
6.243485895829349756e+05
5.138798217348158360e+05
5.029140100726038218e+05
4.953649973050355911e+05
3.765340430087447166e+05
3.774321663296520710e+05
3.535316069963797927e+05
2.845333302668556571e+05
2.837967732221037149e+05
2.608841552127599716e+05
2.155886001188308001e+05
2.139678112052753568e+05
1.888185359622538090e+05
1.572079049269780517e+05
1.620097938286960125e+05
1.334333295067995787e+05
1.182901530575007200e+05
1.196226977275460958e+05
9.647414090081304312e+04
8.908818155355751514e+04
8.888116769847273827e+04
6.726017458389699459e+04
6.653555653555691242e+04
6.529721840193122625e+04
5.107011882994323969e+04
5.192835933599621058e+04
5.002179082664102316e+04
4.104473948686569929e+04
4.324760633993893862e+04
3.858734504271298647e+04
3.446674660244584084e+04
3.472562388855963945e+04
3.226615111047029495e+04
2.726868319733440876e+04
2.983321287556737661e+04
2.799672141325473785e+04
2.710060741196572781e+04
2.619053975475579500e+04
2.403569822971522808e+04
2.279934268993139267e+04
2.283238380564749241e+04
2.107259063763916492e+04
2.068686646627634764e+04
2.122321383374929428e+04
1.966755235199630260e+04
2.210178913591802120e+04
2.079057348152250051e+04
1.993547373903542757e+04
1.959249383285641670e+04
1.970028918304294348e+04
1.899480713026970625e+04
1.866052951107919216e+04
1.830611976787447929e+04
1.842022541573643684e+04
1.838923436515033245e+04
1.575983556739240885e+04
1.508647877292335033e+04
1.522806553071737289e+04
1.443659782343357801e+04
1.416729785562306643e+04
1.355718465719372034e+04
1.022983005442470312e+04
1.096830939313024282e+04
1.041137300403416157e+04
8.025232868731021881e+03
8.225620565026998520e+03
7.638067043222486973e+03
7.006074610270559788e+03
6.619487035058438778e+03
7.252000252157449722e+03
6.011901395641267300e+03
6.428935691580176353e+03
6.454900215014815331e+03
6.389450898103415966e+03
6.538281439304351807e+03
6.367179825544357300e+03
6.823252296380698681e+03
6.839082116343080997e+03
7.507310558557510376e+03
7.351643732547760010e+03
7.421389489293098450e+03
8.109524013280868530e+03
7.668916548885405064e+03
7.714180926620960236e+03
9.983613140076398849e+03
9.867425171568989754e+03
9.983150678440928459e+03
1.128053193905204535e+04
1.128756609504669905e+04
1.089433722477406263e+04
1.110986980742961168e+04
1.078385623435676098e+04
1.111573622087389231e+04
1.034576078077405691e+04
1.096468841014057398e+04
9.390837489426136017e+03
9.065978422388434410e+03
9.248578625373542309e+03
1.011403196276724339e+04
1.041081046213209629e+04
1.033447281649708748e+04
1.078749502937495708e+04
1.124585508826375008e+04
1.145077467210590839e+04
1.129220613031834364e+04
1.151673918961733580e+04
1.189338616725802422e+04
1.128792658373713493e+04
1.095135222422331572e+04
1.167597789689153433e+04
1.135748638059198856e+04
1.118405930822342634e+04
1.103560600406676531e+04
1.144793443565070629e+04
1.083539531510323286e+04
1.091276151219010353e+04
1.166835859919339418e+04
1.124652653740346432e+04
1.026152787426114082e+04
1.086346527604758739e+04
1.127402732384204865e+04
1.024666032113879919e+04
1.034360563702881336e+04
1.069879247979074717e+04
1.045126568911224604e+04
1.112361958353221416e+04
1.070061869775503874e+04
1.108652269770950079e+04
1.215020504636317492e+04
1.179722126186639071e+04
1.161975860761851072e+04
1.174379312855750322e+04
1.137803549195826054e+04
1.106412460335344076e+04
1.137472978692501783e+04
1.163935262276232243e+04
1.048914446707069874e+04
1.120011256204545498e+04
9.825641598775982857e+03
9.383755204327404499e+03
9.486201440647244453e+03
7.612532848477363586e+03
7.062160716891288757e+03
6.358959714643657207e+03
4.114709066733717918e+03
4.419909144319593906e+03
3.229166208274662495e+03
2.153639858290553093e+03
2.486066474936902523e+03
1.749477187298238277e+03
1.582700304143130779e+03
1.470924758762121201e+03
1.411455450668931007e+03
1.427547161698341370e+03
1.518158997491002083e+03
1.590844540819525719e+03
1.274728250682353973e+03
1.557888668812811375e+03
1.321766282305121422e+03
1.327098285436630249e+03
1.149289376705884933e+03
1.078334725581109524e+03
1.163184824027121067e+03
1.123501358166337013e+03
8.471143393591046333e+02
1.288368659555912018e+03
9.243085211217403412e+02
9.031355869770050049e+02
8.045674950256943703e+02
5.674895290881395340e+02
6.657057907208800316e+02
6.604105261787772179e+02
7.978852958530187607e+02
6.233344478011131287e+02
6.806101998761296272e+02
6.597916897833347321e+02
5.087324802726507187e+02
5.253919120356440544e+02
5.098178053945302963e+02
6.372699815928936005e+02
5.963134427890181541e+02
5.953679294586181641e+02
7.069964587017893791e+02
6.830813364386558533e+02
4.747111923247575760e+02
6.712156731858849525e+02
8.184165985733270645e+02
7.830974353924393654e+02
4.950289873033761978e+02
5.968854672312736511e+02
7.322303161248564720e+02
6.075010691732168198e+02
9.311051612719893456e+02
6.255431529134511948e+02
7.670242830738425255e+02
7.762832796499133110e+02
8.953480988368391991e+02
8.362382511347532272e+02
6.572763642594218254e+02
6.230126007348299026e+02
7.084827912747859955e+02
6.806753209382295609e+02
9.281734032034873962e+02
6.347216157391667366e+02
9.481842238381505013e+02
9.064051202908158302e+02
8.562747345492243767e+02
9.783784927576780319e+02
1.026125053741037846e+03
8.942930133193731308e+02
1.110685217887163162e+03
8.689012090340256691e+02
1.047491409286856651e+03
1.052745761170983315e+03
1.087319465421140194e+03
1.184011044010519981e+03
1.034068263329565525e+03
8.373887616321444511e+02
1.291171180203557014e+03
1.040297900028526783e+03
1.038699291840195656e+03
1.133500368520617485e+03
9.794937313944101334e+02
1.317484950534999371e+03
1.050750933729112148e+03
1.194063922487199306e+03
8.661800028979778290e+02
1.359711851663887501e+03
1.187954259045422077e+03
1.272746511049568653e+03
1.359926921300590038e+03
1.089349655576050282e+03
1.147227786302566528e+03
1.219618747882544994e+03
1.201401078209280968e+03
1.282650274254381657e+03
1.288795782007277012e+03
1.464469172909855843e+03
1.235735449686646461e+03
1.024221865460276604e+03
1.061192937083542347e+03
1.082681817866861820e+03
1.039941279202699661e+03
1.252030054315924644e+03
1.017279589928686619e+03
1.142318014055490494e+03
1.346894588805735111e+03
1.110972188226878643e+03
1.046147803187370300e+03
1.393342083424329758e+03
1.306428932793438435e+03
1.438604696460068226e+03
1.421886648930609226e+03
1.108627924300730228e+03
1.346568372227251530e+03
1.314315094701945782e+03
1.038847684442996979e+03
9.772301715090870857e+02
1.124768000170588493e+03
1.300116083309054375e+03
1.316534781746566296e+03
1.149904863856732845e+03
1.074150176525115967e+03
1.079307189106941223e+03
1.220730028845369816e+03
9.439387430027127266e+02
1.292132297717034817e+03
9.902437539920210838e+02
9.842476528137922287e+02
1.119206571198999882e+03
1.225512781545519829e+03
1.136631244435906410e+03
1.042563871935009956e+03
1.378623751893639565e+03
1.224639541633427143e+03
1.561805966138839722e+03
1.302616637371480465e+03
1.135190893173217773e+03
1.410501033984124660e+03
1.186207131482660770e+03
1.393721816524863243e+03
1.118536439739167690e+03
1.058223691985011101e+03
1.308937478289008141e+03
1.154048864662647247e+03
1.262938667476177216e+03
1.398045825928449631e+03
1.207646334022283554e+03
1.153934065051376820e+03
1.153884712122380733e+03
1.067872635848820210e+03
1.120472791336476803e+03
9.192877201437950134e+02
1.171045461192727089e+03
8.675158343613147736e+02
1.083400659292936325e+03
1.144864453986287117e+03
1.290022341430187225e+03
1.108389372870326042e+03
7.784419056475162506e+02
1.029995229117572308e+03
1.044463401094079018e+03
1.246694844923913479e+03
9.484439086243510246e+02
1.113701503232121468e+03
1.092276671171188354e+03
1.111737882591784000e+03
1.023434428304433823e+03
1.083559320032596588e+03
9.585326741859316826e+02
1.091338596433401108e+03
1.092392473362386227e+03
1.076491264633834362e+03
8.917187323495745659e+02
9.758017937690019608e+02
9.792751943096518517e+02
8.588459787294268608e+02
9.375654229447245598e+02
8.996310216635465622e+02
1.039959525547921658e+03
1.074453083172440529e+03
8.576652155891060829e+02
1.100563176937401295e+03
1.029452449165284634e+03
8.584808836802840233e+02
1.023316042780876160e+03
1.221670576043426991e+03
1.368723795309662819e+03
1.120431221134960651e+03
1.350524478822946548e+03
1.261800877116620541e+03
1.298771260231733322e+03
1.231384573407471180e+03
1.002898916691541672e+03
1.085632795713841915e+03
1.106838144347071648e+03
1.034836150445044041e+03
1.206053745716810226e+03
8.806613834500312805e+02
1.233799692243337631e+03
9.384390256777405739e+02
1.063127531990408897e+03
1.075730675488710403e+03
1.314671702191233635e+03
7.641152753159403801e+02
1.084587991088628769e+03
8.155594199895858765e+02
9.476866481453180313e+02
1.194193466655910015e+03
1.027981499969959259e+03
1.135701398678123951e+03
9.707828114479780197e+02
9.894089070335030556e+02
9.435155659839510918e+02
1.187601449087262154e+03
9.242300514951348305e+02
1.097372357994318008e+03
1.180885836809873581e+03
8.957889410108327866e+02
9.633541932776570320e+02
8.198968663141131401e+02
1.082530021712183952e+03
1.023788350768387318e+03
1.024766427382826805e+03
1.215294170930981636e+03
1.026205140955746174e+03
1.007802027449011803e+03
1.156906999930739403e+03
9.814643513187766075e+02
1.219132635109126568e+03
1.008432599879801273e+03
1.137034575030207634e+03
1.014615161567926407e+03
8.348143417984247208e+02
1.220599469088017941e+03
1.084666668236255646e+03
1.312847947321832180e+03
1.150771924711763859e+03
1.066748317614197731e+03
1.371011695638298988e+03
1.181229931674897671e+03
1.109054621271789074e+03
1.337890239425003529e+03
1.213395981281995773e+03
1.261520257182419300e+03
1.385605683900415897e+03
1.433538472093641758e+03
1.028259210012853146e+03
1.213466292262077332e+03
1.169833658754825592e+03
1.370806485004723072e+03
1.101718943983316422e+03
1.311013851627707481e+03
1.145802010223269463e+03
1.084744445756077766e+03
1.213731760382652283e+03
1.134255094230175018e+03
1.168342523716390133e+03
9.595042985826730728e+02
1.290484777286648750e+03
1.180497811816632748e+03
9.900702410191297531e+02
1.207056139618158340e+03
1.043536890722811222e+03
1.043825932160019875e+03
1.177972622357308865e+03
1.210760550267994404e+03
1.268052149564027786e+03
1.357316800661385059e+03
1.189723256058990955e+03
1.124885450005531311e+03
1.125209210880100727e+03
1.110516016565263271e+03
1.141091213732957840e+03
8.630571143925189972e+02
7.423559704497456551e+02
1.161994579099118710e+03
1.110656406037509441e+03
1.046604050248861313e+03
1.104881339639425278e+03
9.042243760228157043e+02
1.039566013708710670e+03
1.005680832169950008e+03
1.078171968623995781e+03
1.175842295765876770e+03
1.139441739931702614e+03
1.293794638730585575e+03
9.461249400600790977e+02
9.579408472031354904e+02
8.925301646441221237e+02
1.081862905085086823e+03
9.757945668920874596e+02
1.029166482195258141e+03
1.028047345124185085e+03
9.937223625928163528e+02
1.255674627766013145e+03
9.547110013738274574e+02
9.295400040894746780e+02
9.571122815683484077e+02
9.931452029123902321e+02
1.177230379082262516e+03
8.655265724137425423e+02
9.628956329971551895e+02
1.017412025600671768e+03
1.197796249680221081e+03
1.161982375971972942e+03
9.970115476176142693e+02
9.393621225133538246e+02
1.006062059253454208e+03
9.032765763849020004e+02
1.103247266203165054e+03
9.934567053690552711e+02
1.220389190435409546e+03
1.114545626893639565e+03
8.195521897003054619e+02
9.741434670388698578e+02
8.689533320441842079e+02
1.038560102798044682e+03
1.129218981780111790e+03
9.719689955487847328e+02
1.152937088787555695e+03
1.038954324036836624e+03
8.694010611847043037e+02
8.715849037393927574e+02
1.045092067301273346e+03
9.619528267160058022e+02
1.218703973889350891e+03
9.227452549859881401e+02
9.874530720263719559e+02
1.011929255641996861e+03
9.960752852186560631e+02
7.274217577725648880e+02
9.474793613851070404e+02
8.914837773442268372e+02
1.024760123513638973e+03
1.000801833003759384e+03
1.253398733437061310e+03
9.290642116367816925e+02
8.425308380797505379e+02
1.134279786966741085e+03
9.059769939258694649e+02
1.017434364505112171e+03
1.160811783902347088e+03
1.034150112465023994e+03
7.158182696476578712e+02
9.753488821834325790e+02
9.663788196519017220e+02
8.733451689258217812e+02
9.198102813810110092e+02
9.623623020872473717e+02
9.333675393462181091e+02
7.867870003730058670e+02
1.113575108647346497e+03
7.927799176126718521e+02
8.184529128447175026e+02
9.550410973280668259e+02
8.074985560402274132e+02
9.790771846100687981e+02
7.186753017231822014e+02
9.204567135348916054e+02
7.645405858904123306e+02
7.211113679334521294e+02
8.290591656416654587e+02
7.265220687016844749e+02
6.409070180132985115e+02
8.019415052533149719e+02
7.787598455473780632e+02
8.608578002005815506e+02
8.014812377393245697e+02
7.588959541842341423e+02
1.051704277433454990e+03
9.615570627003908157e+02
7.792917467355728149e+02
9.040571984574198723e+02
7.131509978771209717e+02
7.938359417989850044e+02
8.650301539599895477e+02
9.246398641616106033e+02
8.569920092076063156e+02
7.844888000115752220e+02
7.852474834471940994e+02
7.223286689594388008e+02
7.638843752220273018e+02
7.990238410905003548e+02
7.259974691942334175e+02
6.451274454519152641e+02
6.131272392123937607e+02
7.085379703864455223e+02
6.829815723076462746e+02
5.289474854692816734e+02
5.202381342127919197e+02
6.507943765297532082e+02
7.272630462870001793e+02
8.529111043736338615e+02
5.941838502064347267e+02
6.033296461924910545e+02
5.805156816467642784e+02
6.430636295154690742e+02
6.495495589375495911e+02
6.094879400804638863e+02
7.772897748500108719e+02
6.409453265592455864e+02
6.296714347004890442e+02
7.973986448720097542e+02
5.166653058156371117e+02
6.120938537418842316e+02
6.100529036223888397e+02
6.503056643009185791e+02
6.248820780366659164e+02
6.064754140749573708e+02
7.074381930083036423e+02
6.599890125542879105e+02
5.906095726639032364e+02
5.639709420204162598e+02
7.455660923719406128e+02
6.759238237068057060e+02
5.051368881687521935e+02
5.805568331405520439e+02
5.873733685761690140e+02
5.899586787074804306e+02
6.582999129146337509e+02
6.298398361131548882e+02
6.416641744151711464e+02
7.192717724516987801e+02
4.842535175532102585e+02
5.143660419508814812e+02
5.254739293605089188e+02
5.652054056152701378e+02
4.935786099657416344e+02
5.662099352851510048e+02
4.676254187002778053e+02
5.547915532886981964e+02
6.588449855893850327e+02
5.681014082208275795e+02
5.448638548552989960e+02
6.142620370164513588e+02
5.258405856639146805e+02
5.916818726882338524e+02
5.176341456174850464e+02
6.212155258581042290e+02
4.521352642774581909e+02
6.407825029119849205e+02
6.331924942061305046e+02
4.846000285744667053e+02
7.389774491712450981e+02
5.911622262597084045e+02
5.808714911714196205e+02
5.798492728248238564e+02
5.861171392202377319e+02
5.320335179194808006e+02
5.519524556323885918e+02
4.895609994828701019e+02
3.841355716958642006e+02
5.135426087751984596e+02
5.801079225242137909e+02
5.173071192950010300e+02
4.045325017496943474e+02
5.662866336256265640e+02
3.685989845171570778e+02
7.209840750098228455e+02
4.651664228439331055e+02
6.647766702920198441e+02
6.492504042685031891e+02
6.282233320325613022e+02
5.482798169627785683e+02
6.701328070983290672e+02
5.898909944221377373e+02
4.828899173289537430e+02
5.069265218004584312e+02
5.013333031609654427e+02
5.955979301258921623e+02
3.166472568437457085e+02
7.580026187151670456e+02
5.487222962528467178e+02
5.828472199290990829e+02
5.958577926233410835e+02
5.987357234731316566e+02
5.582494066730141640e+02
4.852989543825387955e+02
4.660100107789039612e+02
5.137978213280439377e+02
6.369644971415400505e+02
4.788558683693408966e+02
5.594245626553893089e+02
5.909398026242852211e+02
6.057006787359714508e+02
4.718179569393396378e+02
5.119531036093831062e+02
5.860562644153833389e+02
4.396204611435532570e+02
5.064243095889687538e+02
5.527737214565277100e+02
4.066243231967091560e+02
5.334601747021079063e+02
5.295421894639730453e+02
4.570416835770010948e+02
4.504483868852257729e+02
6.076324968412518501e+02
4.098681973516941071e+02
6.003716867193579674e+02
3.998160258382558823e+02
4.702902899980545044e+02
5.361623091474175453e+02
4.192700717076659203e+02
5.120923801809549332e+02
4.407173835560679436e+02
3.033429722115397453e+02
5.760767866447567940e+02
4.505664269328117371e+02
4.750827895551919937e+02
5.876398490592837334e+02
3.325143788158893585e+02
4.626556333377957344e+02
4.888077736943960190e+02
4.168222084343433380e+02
4.348902870640158653e+02
4.893434552699327469e+02
4.170994087308645248e+02
5.345808415561914444e+02
4.224102078750729561e+02
4.191139161512255669e+02
5.604321156367659569e+02
3.569986141994595528e+02
5.233023954778909683e+02
4.875471818521618843e+02
3.999330227002501488e+02
4.801449988409876823e+02
4.727538852393627167e+02
3.707191048488020897e+02
4.488195845559239388e+02
4.488286496773362160e+02
4.460163010954856873e+02
4.781492633447051048e+02
3.204950093552470207e+02
4.155762279182672501e+02
4.560410183146595955e+02
3.704019585326313972e+02
5.072416849359869957e+02
4.555501408427953720e+02
4.304974403157830238e+02
2.835841522738337517e+02
4.215581198707222939e+02
4.135623150393366814e+02
3.096869543194770813e+02
3.327493711262941360e+02
4.027943711876869202e+02
3.152908250838518143e+02
4.276574360132217407e+02
2.701246279180049896e+02
3.919755988344550133e+02
3.001568889617919922e+02
5.133260912075638771e+02
3.476159598976373672e+02
2.914397550672292709e+02
3.333043562322854996e+02
3.449666334241628647e+02
3.461159351989626884e+02
2.319109218940138817e+02
3.525252721160650253e+02
3.272769836783409119e+02
2.717823762744665146e+02
3.267573987245559692e+02
3.193472352549433708e+02
2.992120443060994148e+02
2.515468100383877754e+02
2.613485576659440994e+02
3.325384731739759445e+02
4.175638891160488129e+02
2.466079435944557190e+02
3.254019117429852486e+02
2.406649542823433876e+02
3.247788377255201340e+02
2.828621511682868004e+02
3.671576252952218056e+02
1.873271300345659256e+02
3.639229692146182060e+02
4.099628917425870895e+02
3.126401532813906670e+02
2.773775452896952629e+02
2.880748891085386276e+02
3.120004096999764442e+02
2.644823037758469582e+02
2.402074851840734482e+02
2.382432247623801231e+02
2.269234949052333832e+02
1.680803857445716858e+02
1.975557063668966293e+02
1.829311718866229057e+02
2.522435847967863083e+02
3.158218076452612877e+02
2.917974997684359550e+02
1.649986618384718895e+02
3.508187692016363144e+02
2.215063658952713013e+02
2.168105611056089401e+02
2.762620809748768806e+02
2.320607276484370232e+02
1.847720341607928276e+02
1.840282791107892990e+02
2.399279311969876289e+02
3.267222824096679688e+02
2.200593046396970749e+02
2.471699614301323891e+02
1.404246755167841911e+02
2.261223155185580254e+02
2.431297896504402161e+02
2.359128203243017197e+02
2.155546025857329369e+02
2.831960623934864998e+02
1.817973767444491386e+02
1.918276039734482765e+02
1.351657965406775475e+02
2.474666557908058167e+02
1.405311450213193893e+02
1.163727755025029182e+02
2.515368225499987602e+02
1.649982291907072067e+02
2.042975554093718529e+02
2.909754903763532639e+02
2.060126828551292419e+02
1.486654101163148880e+02
1.449603313058614731e+02
1.695247627645730972e+02
1.899215653911232948e+02
1.818120394051074982e+02
2.106600357219576836e+02
1.441455834805965424e+02
1.551891323924064636e+02
1.398152721226215363e+02
1.236422042995691299e+02
1.492697899565100670e+02
2.010326420664787292e+02
1.396502777338027954e+02
1.568429687544703484e+02
1.334508432894945145e+02
8.709388880431652069e+01
1.654477010071277618e+02
1.195734560787677765e+02
5.980982335656881332e+01
1.029217554926872253e+02
6.362816721200942993e+01
9.863876124471426010e+01
6.498669971525669098e+01
1.071687007322907448e+02
1.849148797318339348e+02
1.422864517346024513e+02
1.806326199099421501e+02
1.458281273245811462e+02
1.201164321899414062e+02
1.427903625220060349e+02
9.129535587131977081e+01
1.158599239364266396e+02
1.729835278615355492e+02
1.246917762756347656e+02
7.227762088924646378e+01
1.803793655857443810e+02
7.635164564102888107e+01
1.408555861040949821e+02
1.038733681514859200e+02
