1.838000000000000000e+03
3.630000000000000000e+03
3.549000000000000000e+03
3.721000000000000000e+03
3.645000000000000000e+03
3.644000000000000000e+03
3.529000000000000000e+03
3.599000000000000000e+03
3.630000000000000000e+03
3.509000000000000000e+03
3.537000000000000000e+03
3.599000000000000000e+03
3.664000000000000000e+03
3.635000000000000000e+03
3.690000000000000000e+03
3.524000000000000000e+03
3.713000000000000000e+03
3.580000000000000000e+03
3.581000000000000000e+03
3.601000000000000000e+03
3.545000000000000000e+03
3.622000000000000000e+03
3.664000000000000000e+03
3.729000000000000000e+03
3.609000000000000000e+03
3.538000000000000000e+03
3.725000000000000000e+03
3.598000000000000000e+03
3.645000000000000000e+03
3.500000000000000000e+03
3.612000000000000000e+03
3.573000000000000000e+03
3.622000000000000000e+03
3.464000000000000000e+03
3.571000000000000000e+03
3.612000000000000000e+03
3.539000000000000000e+03
3.789000000000000000e+03
3.507000000000000000e+03
3.541000000000000000e+03
3.644000000000000000e+03
3.574000000000000000e+03
3.621000000000000000e+03
3.629000000000000000e+03
3.699000000000000000e+03
3.553000000000000000e+03
3.516000000000000000e+03
3.508000000000000000e+03
3.547000000000000000e+03
3.642000000000000000e+03
3.471000000000000000e+03
3.531000000000000000e+03
3.561000000000000000e+03
3.512000000000000000e+03
3.518000000000000000e+03
3.520000000000000000e+03
3.485000000000000000e+03
3.416000000000000000e+03
3.612000000000000000e+03
3.504000000000000000e+03
3.608000000000000000e+03
3.565000000000000000e+03
3.477000000000000000e+03
3.518000000000000000e+03
3.536000000000000000e+03
3.617000000000000000e+03
3.402000000000000000e+03
3.509000000000000000e+03
3.529000000000000000e+03
3.506000000000000000e+03
3.507000000000000000e+03
3.513000000000000000e+03
3.472000000000000000e+03
3.396000000000000000e+03
3.607000000000000000e+03
3.553000000000000000e+03
3.554000000000000000e+03
3.678000000000000000e+03
3.510000000000000000e+03
3.357000000000000000e+03
3.570000000000000000e+03
3.484000000000000000e+03
3.470000000000000000e+03
3.568000000000000000e+03
3.487000000000000000e+03
3.512000000000000000e+03
3.491000000000000000e+03
3.544000000000000000e+03
3.562000000000000000e+03
3.520000000000000000e+03
3.595000000000000000e+03
3.414000000000000000e+03
3.448000000000000000e+03
3.571000000000000000e+03
3.570000000000000000e+03
3.564000000000000000e+03
3.610000000000000000e+03
3.498000000000000000e+03
3.458000000000000000e+03
3.510000000000000000e+03
3.578000000000000000e+03
3.562000000000000000e+03
3.522000000000000000e+03
3.634000000000000000e+03
3.561000000000000000e+03
3.574000000000000000e+03
3.582000000000000000e+03
3.461000000000000000e+03
3.573000000000000000e+03
3.526000000000000000e+03
3.572000000000000000e+03
3.501000000000000000e+03
3.522000000000000000e+03
3.564000000000000000e+03
3.549000000000000000e+03
3.529000000000000000e+03
3.508000000000000000e+03
3.552000000000000000e+03
3.511000000000000000e+03
3.559000000000000000e+03
3.591000000000000000e+03
3.479000000000000000e+03
3.545000000000000000e+03
3.563000000000000000e+03
3.515000000000000000e+03
3.552000000000000000e+03
3.600000000000000000e+03
3.541000000000000000e+03
3.554000000000000000e+03
3.572000000000000000e+03
3.520000000000000000e+03
3.555000000000000000e+03
3.499000000000000000e+03
3.542000000000000000e+03
3.450000000000000000e+03
3.673000000000000000e+03
3.419000000000000000e+03
3.463000000000000000e+03
3.522000000000000000e+03
3.522000000000000000e+03
3.489000000000000000e+03
3.581000000000000000e+03
3.621000000000000000e+03
3.508000000000000000e+03
3.633000000000000000e+03
3.588000000000000000e+03
3.554000000000000000e+03
3.443000000000000000e+03
3.511000000000000000e+03
3.563000000000000000e+03
3.559000000000000000e+03
3.575000000000000000e+03
3.597000000000000000e+03
3.661000000000000000e+03
3.467000000000000000e+03
3.548000000000000000e+03
3.544000000000000000e+03
3.415000000000000000e+03
3.616000000000000000e+03
3.597000000000000000e+03
3.427000000000000000e+03
3.556000000000000000e+03
3.605000000000000000e+03
3.524000000000000000e+03
3.530000000000000000e+03
3.518000000000000000e+03
3.510000000000000000e+03
3.591000000000000000e+03
3.490000000000000000e+03
3.525000000000000000e+03
3.572000000000000000e+03
3.490000000000000000e+03
3.583000000000000000e+03
3.518000000000000000e+03
3.583000000000000000e+03
3.369000000000000000e+03
3.507000000000000000e+03
3.525000000000000000e+03
3.468000000000000000e+03
3.460000000000000000e+03
3.568000000000000000e+03
3.338000000000000000e+03
3.528000000000000000e+03
3.499000000000000000e+03
3.553000000000000000e+03
3.505000000000000000e+03
3.612000000000000000e+03
3.502000000000000000e+03
3.514000000000000000e+03
3.537000000000000000e+03
3.549000000000000000e+03
3.456000000000000000e+03
3.564000000000000000e+03
3.559000000000000000e+03
3.593000000000000000e+03
3.554000000000000000e+03
3.634000000000000000e+03
3.487000000000000000e+03
3.544000000000000000e+03
3.598000000000000000e+03
3.565000000000000000e+03
3.495000000000000000e+03
3.498000000000000000e+03
3.431000000000000000e+03
3.589000000000000000e+03
3.504000000000000000e+03
3.473000000000000000e+03
3.604000000000000000e+03
3.532000000000000000e+03
3.481000000000000000e+03
3.510000000000000000e+03
3.567000000000000000e+03
3.631000000000000000e+03
3.583000000000000000e+03
3.485000000000000000e+03
3.521000000000000000e+03
3.535000000000000000e+03
3.632000000000000000e+03
3.484000000000000000e+03
3.521000000000000000e+03
3.522000000000000000e+03
3.511000000000000000e+03
3.606000000000000000e+03
3.551000000000000000e+03
3.488000000000000000e+03
3.508000000000000000e+03
3.500000000000000000e+03
3.532000000000000000e+03
3.479000000000000000e+03
3.509000000000000000e+03
3.498000000000000000e+03
3.544000000000000000e+03
3.461000000000000000e+03
3.561000000000000000e+03
3.531000000000000000e+03
3.541000000000000000e+03
3.506000000000000000e+03
3.636000000000000000e+03
3.558000000000000000e+03
3.460000000000000000e+03
3.495000000000000000e+03
3.414000000000000000e+03
3.570000000000000000e+03
3.515000000000000000e+03
3.477000000000000000e+03
3.585000000000000000e+03
3.471000000000000000e+03
3.512000000000000000e+03
3.523000000000000000e+03
3.540000000000000000e+03
3.590000000000000000e+03
3.577000000000000000e+03
3.504000000000000000e+03
3.650000000000000000e+03
3.522000000000000000e+03
3.538000000000000000e+03
3.537000000000000000e+03
3.467000000000000000e+03
3.529000000000000000e+03
3.376000000000000000e+03
3.458000000000000000e+03
3.633000000000000000e+03
3.596000000000000000e+03
3.588000000000000000e+03
3.600000000000000000e+03
3.532000000000000000e+03
3.385000000000000000e+03
3.497000000000000000e+03
3.444000000000000000e+03
3.474000000000000000e+03
3.486000000000000000e+03
3.468000000000000000e+03
3.517000000000000000e+03
3.449000000000000000e+03
3.473000000000000000e+03
3.450000000000000000e+03
3.432000000000000000e+03
3.387000000000000000e+03
3.461000000000000000e+03
3.592000000000000000e+03
3.394000000000000000e+03
3.501000000000000000e+03
3.420000000000000000e+03
3.542000000000000000e+03
3.397000000000000000e+03
3.443000000000000000e+03
3.442000000000000000e+03
3.507000000000000000e+03
3.555000000000000000e+03
3.405000000000000000e+03
3.501000000000000000e+03
3.517000000000000000e+03
3.397000000000000000e+03
3.564000000000000000e+03
3.574000000000000000e+03
3.456000000000000000e+03
3.484000000000000000e+03
3.489000000000000000e+03
3.535000000000000000e+03
3.478000000000000000e+03
3.546000000000000000e+03
3.470000000000000000e+03
3.401000000000000000e+03
3.512000000000000000e+03
3.523000000000000000e+03
3.471000000000000000e+03
3.456000000000000000e+03
3.494000000000000000e+03
3.557000000000000000e+03
3.501000000000000000e+03
3.458000000000000000e+03
3.455000000000000000e+03
3.533000000000000000e+03
3.529000000000000000e+03
3.472000000000000000e+03
3.558000000000000000e+03
3.481000000000000000e+03
3.597000000000000000e+03
3.540000000000000000e+03
3.523000000000000000e+03
3.525000000000000000e+03
3.488000000000000000e+03
3.425000000000000000e+03
3.454000000000000000e+03
3.467000000000000000e+03
3.482000000000000000e+03
3.537000000000000000e+03
3.478000000000000000e+03
3.565000000000000000e+03
3.432000000000000000e+03
3.365000000000000000e+03
3.529000000000000000e+03
3.507000000000000000e+03
3.506000000000000000e+03
3.558000000000000000e+03
3.481000000000000000e+03
3.559000000000000000e+03
3.397000000000000000e+03
3.453000000000000000e+03
3.542000000000000000e+03
3.477000000000000000e+03
3.493000000000000000e+03
3.574000000000000000e+03
3.496000000000000000e+03
3.408000000000000000e+03
3.534000000000000000e+03
3.456000000000000000e+03
3.443000000000000000e+03
3.464000000000000000e+03
3.474000000000000000e+03
3.430000000000000000e+03
3.424000000000000000e+03
3.428000000000000000e+03
3.450000000000000000e+03
3.341000000000000000e+03
3.540000000000000000e+03
3.505000000000000000e+03
3.493000000000000000e+03
3.501000000000000000e+03
3.438000000000000000e+03
3.338000000000000000e+03
3.494000000000000000e+03
3.467000000000000000e+03
3.561000000000000000e+03
3.480000000000000000e+03
3.498000000000000000e+03
3.381000000000000000e+03
3.500000000000000000e+03
3.426000000000000000e+03
3.433000000000000000e+03
3.466000000000000000e+03
3.308000000000000000e+03
3.396000000000000000e+03
3.484000000000000000e+03
3.474000000000000000e+03
3.420000000000000000e+03
3.481000000000000000e+03
3.503000000000000000e+03
3.514000000000000000e+03
3.460000000000000000e+03
3.465000000000000000e+03
3.429000000000000000e+03
3.541000000000000000e+03
3.449000000000000000e+03
3.405000000000000000e+03
3.449000000000000000e+03
3.506000000000000000e+03
3.468000000000000000e+03
3.468000000000000000e+03
3.421000000000000000e+03
3.482000000000000000e+03
3.522000000000000000e+03
3.468000000000000000e+03
3.520000000000000000e+03
3.422000000000000000e+03
3.527000000000000000e+03
3.510000000000000000e+03
3.490000000000000000e+03
3.558000000000000000e+03
3.451000000000000000e+03
3.517000000000000000e+03
3.511000000000000000e+03
3.538000000000000000e+03
3.456000000000000000e+03
3.537000000000000000e+03
3.441000000000000000e+03
3.464000000000000000e+03
3.508000000000000000e+03
3.459000000000000000e+03
3.543000000000000000e+03
3.389000000000000000e+03
3.542000000000000000e+03
3.453000000000000000e+03
3.405000000000000000e+03
3.472000000000000000e+03
3.495000000000000000e+03
3.446000000000000000e+03
3.466000000000000000e+03
3.406000000000000000e+03
3.436000000000000000e+03
3.420000000000000000e+03
3.506000000000000000e+03
3.560000000000000000e+03
3.514000000000000000e+03
3.412000000000000000e+03
3.431000000000000000e+03
3.531000000000000000e+03
3.468000000000000000e+03
3.478000000000000000e+03
3.505000000000000000e+03
3.473000000000000000e+03
3.498000000000000000e+03
3.474000000000000000e+03
3.487000000000000000e+03
3.418000000000000000e+03
3.486000000000000000e+03
3.424000000000000000e+03
3.514000000000000000e+03
3.563000000000000000e+03
3.476000000000000000e+03
3.440000000000000000e+03
3.498000000000000000e+03
3.515000000000000000e+03
3.532000000000000000e+03
3.544000000000000000e+03
3.388000000000000000e+03
3.494000000000000000e+03
3.475000000000000000e+03
3.555000000000000000e+03
3.429000000000000000e+03
3.387000000000000000e+03
3.525000000000000000e+03
3.395000000000000000e+03
3.421000000000000000e+03
3.499000000000000000e+03
3.447000000000000000e+03
3.432000000000000000e+03
3.452000000000000000e+03
3.460000000000000000e+03
3.410000000000000000e+03
3.395000000000000000e+03
3.463000000000000000e+03
3.469000000000000000e+03
3.428000000000000000e+03
3.559000000000000000e+03
3.533000000000000000e+03
3.442000000000000000e+03
3.486000000000000000e+03
3.365000000000000000e+03
3.468000000000000000e+03
3.547000000000000000e+03
3.480000000000000000e+03
3.522000000000000000e+03
3.574000000000000000e+03
3.432000000000000000e+03
3.502000000000000000e+03
3.583000000000000000e+03
3.456000000000000000e+03
3.507000000000000000e+03
3.430000000000000000e+03
3.539000000000000000e+03
3.423000000000000000e+03
3.448000000000000000e+03
3.595000000000000000e+03
3.415000000000000000e+03
3.495000000000000000e+03
3.446000000000000000e+03
3.408000000000000000e+03
3.590000000000000000e+03
3.470000000000000000e+03
3.580000000000000000e+03
3.487000000000000000e+03
3.494000000000000000e+03
3.416000000000000000e+03
3.486000000000000000e+03
3.527000000000000000e+03
3.610000000000000000e+03
3.394000000000000000e+03
3.495000000000000000e+03
3.486000000000000000e+03
3.616000000000000000e+03
3.401000000000000000e+03
3.540000000000000000e+03
3.541000000000000000e+03
3.467000000000000000e+03
3.466000000000000000e+03
3.654000000000000000e+03
3.501000000000000000e+03
3.462000000000000000e+03
3.466000000000000000e+03
3.612000000000000000e+03
3.555000000000000000e+03
3.525000000000000000e+03
3.563000000000000000e+03
3.566000000000000000e+03
3.499000000000000000e+03
3.579000000000000000e+03
3.555000000000000000e+03
3.517000000000000000e+03
3.585000000000000000e+03
3.543000000000000000e+03
3.491000000000000000e+03
3.537000000000000000e+03
3.671000000000000000e+03
3.514000000000000000e+03
3.476000000000000000e+03
3.458000000000000000e+03
3.579000000000000000e+03
3.515000000000000000e+03
3.599000000000000000e+03
3.644000000000000000e+03
3.455000000000000000e+03
3.514000000000000000e+03
3.590000000000000000e+03
3.575000000000000000e+03
3.544000000000000000e+03
3.527000000000000000e+03
3.471000000000000000e+03
3.426000000000000000e+03
3.500000000000000000e+03
3.541000000000000000e+03
3.505000000000000000e+03
3.594000000000000000e+03
3.484000000000000000e+03
3.528000000000000000e+03
3.519000000000000000e+03
3.560000000000000000e+03
3.483000000000000000e+03
3.530000000000000000e+03
3.642000000000000000e+03
3.470000000000000000e+03
3.480000000000000000e+03
3.526000000000000000e+03
3.508000000000000000e+03
3.598000000000000000e+03
3.602000000000000000e+03
3.584000000000000000e+03
3.636000000000000000e+03
3.563000000000000000e+03
3.527000000000000000e+03
3.550000000000000000e+03
3.538000000000000000e+03
3.592000000000000000e+03
3.551000000000000000e+03
3.565000000000000000e+03
3.591000000000000000e+03
3.552000000000000000e+03
3.526000000000000000e+03
3.587000000000000000e+03
3.557000000000000000e+03
3.527000000000000000e+03
3.630000000000000000e+03
3.505000000000000000e+03
3.580000000000000000e+03
3.552000000000000000e+03
3.542000000000000000e+03
3.630000000000000000e+03
3.440000000000000000e+03
3.560000000000000000e+03
3.486000000000000000e+03
3.594000000000000000e+03
3.557000000000000000e+03
3.681000000000000000e+03
3.462000000000000000e+03
3.618000000000000000e+03
3.538000000000000000e+03
3.647000000000000000e+03
3.592000000000000000e+03
3.539000000000000000e+03
3.501000000000000000e+03
3.516000000000000000e+03
3.480000000000000000e+03
3.623000000000000000e+03
3.645000000000000000e+03
3.664000000000000000e+03
3.589000000000000000e+03
3.573000000000000000e+03
3.691000000000000000e+03
3.635000000000000000e+03
3.557000000000000000e+03
3.491000000000000000e+03
3.518000000000000000e+03
3.510000000000000000e+03
3.472000000000000000e+03
3.645000000000000000e+03
3.655000000000000000e+03
3.576000000000000000e+03
3.577000000000000000e+03
3.589000000000000000e+03
3.512000000000000000e+03
3.546000000000000000e+03
3.688000000000000000e+03
3.639000000000000000e+03
3.507000000000000000e+03
3.608000000000000000e+03
3.614000000000000000e+03
3.576000000000000000e+03
3.608000000000000000e+03
3.557000000000000000e+03
3.583000000000000000e+03
3.609000000000000000e+03
3.597000000000000000e+03
3.583000000000000000e+03
3.473000000000000000e+03
3.738000000000000000e+03
3.601000000000000000e+03
3.562000000000000000e+03
3.552000000000000000e+03
3.649000000000000000e+03
3.652000000000000000e+03
3.657000000000000000e+03
3.565000000000000000e+03
3.499000000000000000e+03
3.482000000000000000e+03
3.642000000000000000e+03
3.577000000000000000e+03
3.511000000000000000e+03
3.630000000000000000e+03
3.563000000000000000e+03
3.636000000000000000e+03
3.537000000000000000e+03
3.518000000000000000e+03
3.583000000000000000e+03
3.564000000000000000e+03
3.619000000000000000e+03
3.495000000000000000e+03
3.639000000000000000e+03
3.629000000000000000e+03
3.596000000000000000e+03
3.485000000000000000e+03
3.615000000000000000e+03
3.618000000000000000e+03
3.593000000000000000e+03
3.541000000000000000e+03
3.649000000000000000e+03
3.625000000000000000e+03
3.700000000000000000e+03
3.643000000000000000e+03
3.738000000000000000e+03
3.552000000000000000e+03
3.584000000000000000e+03
3.681000000000000000e+03
3.520000000000000000e+03
3.492000000000000000e+03
3.627000000000000000e+03
3.663000000000000000e+03
3.495000000000000000e+03
3.531000000000000000e+03
3.630000000000000000e+03
3.718000000000000000e+03
3.525000000000000000e+03
3.600000000000000000e+03
3.545000000000000000e+03
3.543000000000000000e+03
3.585000000000000000e+03
3.574000000000000000e+03
3.567000000000000000e+03
3.665000000000000000e+03
3.624000000000000000e+03
3.513000000000000000e+03
3.543000000000000000e+03
3.563000000000000000e+03
3.572000000000000000e+03
3.572000000000000000e+03
3.612000000000000000e+03
3.574000000000000000e+03
3.656000000000000000e+03
3.574000000000000000e+03
3.617000000000000000e+03
3.628000000000000000e+03
3.602000000000000000e+03
3.522000000000000000e+03
3.559000000000000000e+03
3.623000000000000000e+03
3.410000000000000000e+03
3.506000000000000000e+03
3.537000000000000000e+03
3.591000000000000000e+03
3.601000000000000000e+03
3.642000000000000000e+03
3.569000000000000000e+03
3.507000000000000000e+03
3.452000000000000000e+03
3.645000000000000000e+03
3.567000000000000000e+03
3.449000000000000000e+03
3.668000000000000000e+03
3.552000000000000000e+03
3.638000000000000000e+03
3.518000000000000000e+03
3.718000000000000000e+03
3.586000000000000000e+03
3.619000000000000000e+03
3.573000000000000000e+03
3.533000000000000000e+03
3.486000000000000000e+03
3.502000000000000000e+03
3.546000000000000000e+03
3.539000000000000000e+03
3.531000000000000000e+03
3.488000000000000000e+03
3.651000000000000000e+03
3.564000000000000000e+03
3.586000000000000000e+03
3.616000000000000000e+03
3.586000000000000000e+03
3.601000000000000000e+03
3.505000000000000000e+03
3.581000000000000000e+03
3.622000000000000000e+03
3.527000000000000000e+03
3.634000000000000000e+03
3.551000000000000000e+03
3.509000000000000000e+03
3.548000000000000000e+03
3.604000000000000000e+03
3.519000000000000000e+03
3.615000000000000000e+03
3.507000000000000000e+03
3.449000000000000000e+03
3.700000000000000000e+03
3.572000000000000000e+03
3.454000000000000000e+03
3.600000000000000000e+03
3.544000000000000000e+03
3.624000000000000000e+03
3.575000000000000000e+03
3.591000000000000000e+03
3.515000000000000000e+03
3.545000000000000000e+03
3.561000000000000000e+03
3.437000000000000000e+03
3.543000000000000000e+03
3.462000000000000000e+03
3.550000000000000000e+03
3.428000000000000000e+03
3.517000000000000000e+03
3.573000000000000000e+03
3.557000000000000000e+03
3.581000000000000000e+03
3.516000000000000000e+03
3.447000000000000000e+03
3.689000000000000000e+03
3.567000000000000000e+03
3.528000000000000000e+03
3.431000000000000000e+03
3.510000000000000000e+03
3.600000000000000000e+03
3.488000000000000000e+03
3.594000000000000000e+03
3.534000000000000000e+03
3.475000000000000000e+03
3.509000000000000000e+03
3.488000000000000000e+03
3.611000000000000000e+03
3.541000000000000000e+03
3.588000000000000000e+03
3.504000000000000000e+03
3.582000000000000000e+03
3.509000000000000000e+03
3.573000000000000000e+03
3.407000000000000000e+03
3.572000000000000000e+03
3.500000000000000000e+03
3.530000000000000000e+03
3.500000000000000000e+03
3.507000000000000000e+03
3.604000000000000000e+03
3.540000000000000000e+03
3.556000000000000000e+03
3.600000000000000000e+03
3.482000000000000000e+03
3.518000000000000000e+03
3.453000000000000000e+03
3.428000000000000000e+03
3.457000000000000000e+03
3.391000000000000000e+03
3.497000000000000000e+03
3.470000000000000000e+03
3.505000000000000000e+03
3.548000000000000000e+03
3.508000000000000000e+03
3.539000000000000000e+03
3.588000000000000000e+03
3.478000000000000000e+03
3.484000000000000000e+03
3.454000000000000000e+03
3.627000000000000000e+03
3.608000000000000000e+03
3.575000000000000000e+03
3.448000000000000000e+03
3.428000000000000000e+03
3.598000000000000000e+03
3.460000000000000000e+03
3.413000000000000000e+03
3.457000000000000000e+03
3.418000000000000000e+03
3.558000000000000000e+03
3.517000000000000000e+03
3.573000000000000000e+03
3.482000000000000000e+03
3.431000000000000000e+03
3.430000000000000000e+03
3.501000000000000000e+03
3.450000000000000000e+03
3.489000000000000000e+03
3.443000000000000000e+03
3.667000000000000000e+03
3.591000000000000000e+03
3.386000000000000000e+03
3.442000000000000000e+03
3.317000000000000000e+03
3.477000000000000000e+03
3.428000000000000000e+03
3.438000000000000000e+03
3.469000000000000000e+03
3.434000000000000000e+03
3.507000000000000000e+03
3.414000000000000000e+03
3.514000000000000000e+03
3.481000000000000000e+03
3.490000000000000000e+03
3.464000000000000000e+03
3.483000000000000000e+03
3.487000000000000000e+03
3.372000000000000000e+03
3.391000000000000000e+03
3.415000000000000000e+03
3.489000000000000000e+03
3.411000000000000000e+03
3.491000000000000000e+03
3.445000000000000000e+03
3.496000000000000000e+03
3.350000000000000000e+03
3.360000000000000000e+03
3.452000000000000000e+03
3.501000000000000000e+03
3.428000000000000000e+03
3.441000000000000000e+03
3.436000000000000000e+03
3.469000000000000000e+03
3.411000000000000000e+03
3.485000000000000000e+03
3.471000000000000000e+03
3.338000000000000000e+03
3.427000000000000000e+03
3.385000000000000000e+03
3.533000000000000000e+03
3.353000000000000000e+03
3.354000000000000000e+03
3.419000000000000000e+03
3.321000000000000000e+03
3.415000000000000000e+03
3.310000000000000000e+03
3.434000000000000000e+03
3.317000000000000000e+03
3.395000000000000000e+03
3.258000000000000000e+03
3.461000000000000000e+03
3.364000000000000000e+03
3.311000000000000000e+03
3.451000000000000000e+03
3.387000000000000000e+03
3.326000000000000000e+03
3.283000000000000000e+03
3.446000000000000000e+03
3.377000000000000000e+03
3.333000000000000000e+03
3.359000000000000000e+03
3.356000000000000000e+03
3.425000000000000000e+03
3.218000000000000000e+03
3.350000000000000000e+03
3.404000000000000000e+03
3.361000000000000000e+03
3.452000000000000000e+03
3.320000000000000000e+03
3.387000000000000000e+03
3.255000000000000000e+03
3.343000000000000000e+03
3.356000000000000000e+03
3.324000000000000000e+03
3.310000000000000000e+03
3.290000000000000000e+03
3.331000000000000000e+03
3.364000000000000000e+03
3.390000000000000000e+03
3.266000000000000000e+03
3.230000000000000000e+03
3.324000000000000000e+03
3.261000000000000000e+03
3.250000000000000000e+03
3.360000000000000000e+03
3.334000000000000000e+03
3.206000000000000000e+03
3.294000000000000000e+03
3.397000000000000000e+03
3.254000000000000000e+03
3.349000000000000000e+03
3.355000000000000000e+03
3.247000000000000000e+03
3.298000000000000000e+03
3.355000000000000000e+03
3.354000000000000000e+03
3.241000000000000000e+03
3.315000000000000000e+03
3.213000000000000000e+03
3.328000000000000000e+03
3.297000000000000000e+03
3.293000000000000000e+03
3.345000000000000000e+03
3.187000000000000000e+03
3.299000000000000000e+03
3.277000000000000000e+03
3.323000000000000000e+03
3.231000000000000000e+03
3.237000000000000000e+03
3.173000000000000000e+03
3.212000000000000000e+03
3.197000000000000000e+03
3.210000000000000000e+03
3.184000000000000000e+03
3.233000000000000000e+03
3.232000000000000000e+03
3.216000000000000000e+03
3.223000000000000000e+03
3.218000000000000000e+03
3.301000000000000000e+03
3.232000000000000000e+03
3.249000000000000000e+03
3.151000000000000000e+03
3.269000000000000000e+03
3.213000000000000000e+03
3.219000000000000000e+03
3.318000000000000000e+03
3.280000000000000000e+03
3.167000000000000000e+03
3.215000000000000000e+03
3.326000000000000000e+03
3.190000000000000000e+03
3.206000000000000000e+03
3.253000000000000000e+03
3.338000000000000000e+03
3.168000000000000000e+03
3.217000000000000000e+03
3.139000000000000000e+03
3.259000000000000000e+03
3.204000000000000000e+03
3.301000000000000000e+03
3.262000000000000000e+03
3.244000000000000000e+03
3.145000000000000000e+03
3.123000000000000000e+03
3.208000000000000000e+03
3.172000000000000000e+03
3.194000000000000000e+03
3.227000000000000000e+03
3.219000000000000000e+03
3.214000000000000000e+03
3.166000000000000000e+03
3.165000000000000000e+03
3.137000000000000000e+03
3.150000000000000000e+03
3.225000000000000000e+03
3.111000000000000000e+03
3.181000000000000000e+03
3.181000000000000000e+03
3.278000000000000000e+03
3.144000000000000000e+03
3.133000000000000000e+03
3.142000000000000000e+03
3.181000000000000000e+03
3.172000000000000000e+03
3.066000000000000000e+03
3.156000000000000000e+03
3.149000000000000000e+03
3.187000000000000000e+03
3.092000000000000000e+03
