0.000000000000000000e+00
5.500751915354155086e-01
5.502254920616573841e-01
5.503757925878993706e-01
5.505260931141413572e-01
5.506763936403833437e-01
5.508266941666252192e-01
5.509769946928672057e-01
5.511272952191091923e-01
5.512775957453510678e-01
5.514278962715930543e-01
5.515781967978350409e-01
5.517284973240770274e-01
5.518787978503189029e-01
5.520290983765608894e-01
5.521793989028027649e-01
5.523296994290447515e-01
5.524799999552867380e-01
5.526303004815287245e-01
5.527806010077707111e-01
5.529309015340125866e-01
5.530812020602545731e-01
5.532315025864964486e-01
5.533818031127384351e-01
5.535321036389804217e-01
5.536824041652224082e-01
5.538327046914642837e-01
5.539830052177062703e-01
5.541333057439482568e-01
5.542836062701901323e-01
5.544339067964321188e-01
5.545842073226741054e-01
5.547345078489160919e-01
5.548848083751579674e-01
5.550351089013999539e-01
5.551854094276418294e-01
5.553357099538838160e-01
5.554860104801258025e-01
5.556363110063677890e-01
5.557866115326097756e-01
5.559369120588516511e-01
5.560872125850936376e-01
5.562375131113355131e-01
5.563878136375774996e-01
5.565381141638194862e-01
5.566884146900614727e-01
5.568387152163033482e-01
5.569890157425453348e-01
5.571393162687872103e-01
5.572896167950291968e-01
5.574399173212711833e-01
5.575902178475131699e-01
5.577405183737551564e-01
5.578908188999970319e-01
5.580411194262390184e-01
5.581914199524808939e-01
5.583417204787228805e-01
5.584920210049648670e-01
5.586423215312068535e-01
5.587926220574487290e-01
5.589429225836907156e-01
5.590932231099327021e-01
5.592435236361745776e-01
5.593938241624165641e-01
5.595441246886585507e-01
5.596944252149005372e-01
5.598447257411424127e-01
5.599950262673843993e-01
5.601453267936262748e-01
5.602956273198682613e-01
5.604459278461102478e-01
5.605962283723522344e-01
5.607465288985942209e-01
5.608968294248360964e-01
5.610471299510780829e-01
5.611974304773199584e-01
5.613477310035619450e-01
5.614980315298039315e-01
5.616483320560459180e-01
5.617986325822877935e-01
5.619489331085297801e-01
5.620992336347717666e-01
5.622495341610136421e-01
5.623998346872556287e-01
5.625501352134976152e-01
5.627004357397396017e-01
5.628507362659814772e-01
5.630010367922234638e-01
5.631513373184653393e-01
5.633016378447073258e-01
5.634519383709493123e-01
5.636022388971912989e-01
5.637525394234331744e-01
5.639028399496751609e-01
5.640531404759171474e-01
5.642034410021590229e-01
5.643537415284010095e-01
5.645040420546429960e-01
5.646543425808849825e-01
5.648046431071268580e-01
5.649549436333688446e-01
5.651052441596107201e-01
5.652555446858527066e-01
5.654058452120946932e-01
5.655561457383366797e-01
5.657064462645786662e-01
5.658567467908205417e-01
5.660070473170625283e-01
5.661573478433044038e-01
5.663076483695463903e-01
5.664579488957883768e-01
5.666082494220303634e-01
5.667585499482722389e-01
5.669088504745142254e-01
5.670591510007562119e-01
5.672094515269980874e-01
5.673597520532400740e-01
5.675100525794820605e-01
5.676603531057240470e-01
5.678106536319659225e-01
5.679609541582079091e-01
5.681112546844497846e-01
5.682615552106917711e-01
5.684118557369337577e-01
5.685621562631757442e-01
5.687124567894176197e-01
5.688627573156596062e-01
5.690130578419015928e-01
5.691633583681434683e-01
5.693136588943854548e-01
5.694639594206274413e-01
5.696142599468694279e-01
5.697645604731113034e-01
5.699148609993532899e-01
5.700651615255951654e-01
5.702154620518371519e-01
5.703657625780791385e-01
5.705160631043211250e-01
5.706663636305631115e-01
5.708166641568049871e-01
5.709669646830469736e-01
5.711172652092888491e-01
5.712675657355308356e-01
5.714178662617728222e-01
5.715681667880148087e-01
5.717184673142566842e-01
5.718687678404986707e-01
5.720190683667406573e-01
5.721693688929825328e-01
5.723196694192245193e-01
5.724699699454665058e-01
5.726202704717084924e-01
5.727705709979503679e-01
5.729208715241923544e-01
5.730711720504342299e-01
5.732214725766762164e-01
5.733717731029182030e-01
5.735220736291601895e-01
5.736723741554020650e-01
5.738226746816440516e-01
5.739729752078860381e-01
5.741232757341279136e-01
5.742735762603699001e-01
5.744238767866118867e-01
5.745741773128538732e-01
5.747244778390957487e-01
5.748747783653377352e-01
5.750250788915796107e-01
5.751753794178215973e-01
5.753256799440635838e-01
5.754759804703055703e-01
5.756262809965475569e-01
5.757765815227894324e-01
5.759268820490314189e-01
5.760771825752732944e-01
5.762274831015152809e-01
5.763777836277572675e-01
5.765280841539992540e-01
5.766783846802411295e-01
5.768286852064831161e-01
5.769789857327251026e-01
5.771292862589669781e-01
5.772795867852089646e-01
5.774298873114509512e-01
5.775801878376929377e-01
5.777304883639348132e-01
5.778807888901767997e-01
5.780310894164186752e-01
5.781813899426606618e-01
5.783316904689026483e-01
5.784819909951446348e-01
5.786322915213866214e-01
5.787825920476284969e-01
5.789328925738704834e-01
5.790831931001123589e-01
5.792334936263543455e-01
5.793837941525963320e-01
5.795340946788383185e-01
5.796843952050801940e-01
5.798346957313221806e-01
5.799849962575641671e-01
5.801352967838060426e-01
5.802855973100480291e-01
5.804358978362900157e-01
5.805861983625320022e-01
5.807364988887738777e-01
5.808867994150158642e-01
5.810370999412577397e-01
5.811874004674997263e-01
5.813377009937417128e-01
5.814880015199836993e-01
5.816383020462255748e-01
5.817886025724675614e-01
5.819389030987095479e-01
5.820892036249514234e-01
5.822395041511934100e-01
5.823898046774353965e-01
5.825401052036773830e-01
5.826904057299192585e-01
5.828407062561612451e-01
5.829910067824031206e-01
5.831413073086451071e-01
5.832916078348870936e-01
5.834419083611290802e-01
5.835922088873710667e-01
5.837425094136129422e-01
5.838928099398549287e-01
5.840431104660968042e-01
5.841934109923387908e-01
5.843437115185807773e-01
5.844940120448227638e-01
5.846443125710646394e-01
5.847946130973066259e-01
5.849449136235486124e-01
5.850952141497904879e-01
5.852455146760324745e-01
5.853958152022744610e-01
5.855461157285164475e-01
5.856964162547583230e-01
5.858467167810003096e-01
5.859970173072421851e-01
5.861473178334841716e-01
5.862976183597261581e-01
5.864479188859681447e-01
5.865982194122100202e-01
5.867485199384520067e-01
5.868988204646939932e-01
5.870491209909358687e-01
5.871994215171778553e-01
5.873497220434198418e-01
5.875000225696618283e-01
5.876503230959037039e-01
5.878006236221456904e-01
5.879509241483876769e-01
5.881012246746295524e-01
5.882515252008715390e-01
5.884018257271135255e-01
5.885521262533555120e-01
5.887024267795973875e-01
5.888527273058393741e-01
5.890030278320812496e-01
5.891533283583232361e-01
5.893036288845652226e-01
5.894539294108072092e-01
5.896042299370490847e-01
5.897545304632910712e-01
5.899048309895330577e-01
5.900551315157749332e-01
5.902054320420169198e-01
5.903557325682589063e-01
5.905060330945008928e-01
5.906563336207427684e-01
5.908066341469847549e-01
5.909569346732266304e-01
5.911072351994686169e-01
5.912575357257106035e-01
5.914078362519525900e-01
5.915581367781944655e-01
5.917084373044364520e-01
5.918587378306784386e-01
5.920090383569203141e-01
5.921593388831623006e-01
5.923096394094042871e-01
5.924599399356462737e-01
5.926102404618881492e-01
5.927605409881301357e-01
5.929108415143721222e-01
5.930611420406139978e-01
5.932114425668559843e-01
5.933617430930979708e-01
5.935120436193399573e-01
5.936623441455818329e-01
5.938126446718238194e-01
5.939629451980656949e-01
5.941132457243076814e-01
5.942635462505496680e-01
5.944138467767916545e-01
5.945641473030335300e-01
5.947144478292755165e-01
5.948647483555175031e-01
5.950150488817593786e-01
5.951653494080013651e-01
5.953156499342433516e-01
5.954659504604853382e-01
5.956162509867272137e-01
5.957665515129692002e-01
5.959168520392110757e-01
5.960671525654530623e-01
5.962174530916950488e-01
5.963677536179370353e-01
5.965180541441789108e-01
5.966683546704208974e-01
5.968186551966628839e-01
5.969689557229047594e-01
5.971192562491467459e-01
5.972695567753887325e-01
5.974198573016307190e-01
5.975701578278725945e-01
5.977204583541145810e-01
5.978707588803565676e-01
5.980210594065984431e-01
5.981713599328404296e-01
5.983216604590824161e-01
5.984719609853244027e-01
5.986222615115662782e-01
5.987725620378082647e-01
5.989228625640501402e-01
5.990731630902921268e-01
5.992234636165341133e-01
5.993737641427760998e-01
5.995240646690179753e-01
5.996743651952599619e-01
5.998246657215019484e-01
5.999749662477438239e-01
6.001252667739858104e-01
6.002755673002277970e-01
6.004258678264697835e-01
6.005761683527116590e-01
6.007264688789536455e-01
6.008767694051955210e-01
6.010270699314375076e-01
6.011773704576794941e-01
6.013276709839214806e-01
6.014779715101634672e-01
6.016282720364053427e-01
6.017785725626473292e-01
6.019288730888892047e-01
6.020791736151311913e-01
6.022294741413731778e-01
6.023797746676151643e-01
6.025300751938570398e-01
6.026803757200990264e-01
6.028306762463410129e-01
6.029809767725828884e-01
6.031312772988248749e-01
6.032815778250668615e-01
6.034318783513088480e-01
6.035821788775507235e-01
6.037324794037927100e-01
6.038827799300345855e-01
6.040330804562765721e-01
6.041833809825185586e-01
6.043336815087605451e-01
6.044839820350024207e-01
6.046342825612444072e-01
6.047845830874863937e-01
6.049348836137282692e-01
6.050851841399702558e-01
6.052354846662122423e-01
6.053857851924542288e-01
6.055360857186961043e-01
6.056863862449380909e-01
6.058366867711800774e-01
6.059869872974219529e-01
6.061372878236639394e-01
6.062875883499059260e-01
6.064378888761479125e-01
6.065881894023897880e-01
6.067384899286317745e-01
6.068887904548736500e-01
6.070390909811156366e-01
6.071893915073576231e-01
6.073396920335996096e-01
6.074899925598414852e-01
6.076402930860834717e-01
6.077905936123254582e-01
6.079408941385673337e-01
6.080911946648093203e-01
6.082414951910513068e-01
6.083917957172932933e-01
6.085420962435351688e-01
6.086923967697771554e-01
6.088426972960190309e-01
6.089929978222610174e-01
6.091432983485030039e-01
6.092935988747449905e-01
6.094438994009868660e-01
6.095941999272288525e-01
6.097445004534708390e-01
6.098948009797127146e-01
6.100451015059547011e-01
6.101954020321966876e-01
6.103457025584386741e-01
6.104960030846805497e-01
6.106463036109225362e-01
6.107966041371645227e-01
6.109469046634063982e-01
6.110972051896483848e-01
6.112475057158903713e-01
6.113978062421323578e-01
6.115481067683742333e-01
6.116984072946162199e-01
6.118487078208580954e-01
6.119990083471000819e-01
6.121493088733420684e-01
6.122996093995840550e-01
6.124499099258259305e-01
6.126002104520679170e-01
6.127505109783099035e-01
6.129008115045517791e-01
6.130511120307937656e-01
6.132014125570357521e-01
6.133517130832777386e-01
6.135020136095196142e-01
6.136523141357616007e-01
6.138026146620035872e-01
6.139529151882454627e-01
6.141032157144874493e-01
6.142535162407294358e-01
6.144038167669713113e-01
6.145541172932132978e-01
6.147044178194552844e-01
6.148547183456971599e-01
6.150050188719391464e-01
6.151553193981811329e-01
6.153056199244231195e-01
6.154559204506649950e-01
6.156062209769069815e-01
6.157565215031489680e-01
6.159068220293908436e-01
6.160571225556328301e-01
6.162074230818748166e-01
6.163577236081168031e-01
6.165080241343586787e-01
6.166583246606006652e-01
6.168086251868425407e-01
6.169589257130845272e-01
6.171092262393265138e-01
6.172595267655685003e-01
6.174098272918103758e-01
6.175601278180523623e-01
6.177104283442943489e-01
6.178607288705362244e-01
6.180110293967782109e-01
6.181613299230201974e-01
6.183116304492621840e-01
6.184619309755040595e-01
6.186122315017460460e-01
6.187625320279880325e-01
6.189128325542299081e-01
6.190631330804718946e-01
6.192134336067138811e-01
6.193637341329557566e-01
6.195140346591977432e-01
6.196643351854397297e-01
6.198146357116816052e-01
6.199649362379235917e-01
6.201152367641655783e-01
6.202655372904075648e-01
6.204158378166494403e-01
6.205661383428914268e-01
6.207164388691334134e-01
6.208667393953752889e-01
6.210170399216172754e-01
6.211673404478592619e-01
6.213176409741012485e-01
6.214679415003431240e-01
6.216182420265851105e-01
6.217685425528269860e-01
6.219188430790689726e-01
6.220691436053109591e-01
6.222194441315529456e-01
6.223697446577948211e-01
6.225200451840368077e-01
6.226703457102787942e-01
6.228206462365206697e-01
6.229709467627626562e-01
6.231212472890046428e-01
6.232715478152466293e-01
6.234218483414885048e-01
6.235721488677304913e-01
6.237224493939724779e-01
6.238727499202143534e-01
6.240230504464563399e-01
6.241733509726983264e-01
6.243236514989403130e-01
6.244739520251821885e-01
6.246242525514241750e-01
6.247745530776660505e-01
6.249248536039080371e-01
6.250751541301500236e-01
6.252254546563920101e-01
6.253757551826338856e-01
6.255260557088758722e-01
6.256763562351178587e-01
6.258266567613597342e-01
6.259769572876017207e-01
6.261272578138437073e-01
6.262775583400856938e-01
6.264278588663275693e-01
6.265781593925695558e-01
6.267284599188114314e-01
6.268787604450534179e-01
6.270290609712954044e-01
6.271793614975373909e-01
6.273296620237792665e-01
6.274799625500212530e-01
6.276302630762632395e-01
6.277805636025051150e-01
6.279308641287471016e-01
6.280811646549890881e-01
6.282314651812310746e-01
6.283817657074729501e-01
6.285320662337149367e-01
6.286823667599569232e-01
6.288326672861987987e-01
6.289829678124407852e-01
6.291332683386827718e-01
6.292835688649247583e-01
6.294338693911666338e-01
6.295841699174086203e-01
6.297344704436504959e-01
6.298847709698924824e-01
6.300350714961344689e-01
6.301853720223764554e-01
6.303356725486183310e-01
6.304859730748603175e-01
6.306362736011023040e-01
6.307865741273441795e-01
6.309368746535861661e-01
6.310871751798281526e-01
6.312374757060701391e-01
6.313877762323120146e-01
6.315380767585540012e-01
6.316883772847959877e-01
6.318386778110378632e-01
6.319889783372798497e-01
6.321392788635218363e-01
6.322895793897637118e-01
6.324398799160056983e-01
6.325901804422476848e-01
6.327404809684895604e-01
6.328907814947315469e-01
6.330410820209735334e-01
6.331913825472155199e-01
6.333416830734573955e-01
6.334919835996993820e-01
6.336422841259413685e-01
6.337925846521832440e-01
6.339428851784252306e-01
6.340931857046672171e-01
6.342434862309092036e-01
6.343937867571510791e-01
6.345440872833930657e-01
6.346943878096349412e-01
6.348446883358769277e-01
6.349949888621189142e-01
6.351452893883609008e-01
6.352955899146027763e-01
6.354458904408447628e-01
6.355961909670867493e-01
6.357464914933286249e-01
6.358967920195706114e-01
6.360470925458125979e-01
6.361973930720545845e-01
6.363476935982964600e-01
6.364979941245384465e-01
6.366482946507804330e-01
6.367985951770223085e-01
6.369488957032642951e-01
6.370991962295062816e-01
6.372494967557481571e-01
6.373997972819901436e-01
6.375500978082321302e-01
6.377003983344740057e-01
6.378506988607159922e-01
6.380009993869579787e-01
6.381512999131999653e-01
6.383016004394418408e-01
6.384519009656838273e-01
6.386022014919258138e-01
6.387525020181676894e-01
6.389028025444096759e-01
6.390531030706516624e-01
6.392034035968936490e-01
6.393537041231355245e-01
6.395040046493775110e-01
6.396543051756193865e-01
6.398046057018613730e-01
6.399549062281033596e-01
6.401052067543453461e-01
6.402555072805872216e-01
6.404058078068292081e-01
6.405561083330711947e-01
6.407064088593130702e-01
6.408567093855550567e-01
6.410070099117970432e-01
6.411573104380390298e-01
6.413076109642809053e-01
6.414579114905228918e-01
6.416082120167648783e-01
6.417585125430067539e-01
6.419088130692487404e-01
6.420591135954907269e-01
6.422094141217327135e-01
6.423597146479745890e-01
6.425100151742165755e-01
6.426603157004584510e-01
6.428106162267004375e-01
6.429609167529424241e-01
6.431112172791844106e-01
6.432615178054262861e-01
6.434118183316682726e-01
6.435621188579102592e-01
6.437124193841521347e-01
6.438627199103941212e-01
6.440130204366361077e-01
6.441633209628780943e-01
6.443136214891199698e-01
6.444639220153619563e-01
6.446142225416038318e-01
6.447645230678458184e-01
6.449148235940878049e-01
6.450651241203297914e-01
6.452154246465716669e-01
6.453657251728136535e-01
6.455160256990556400e-01
6.456663262252975155e-01
6.458166267515395020e-01
6.459669272777814886e-01
6.461172278040234751e-01
6.462675283302653506e-01
6.464178288565073371e-01
6.465681293827493237e-01
6.467184299089911992e-01
6.468687304352331857e-01
6.470190309614751722e-01
6.471693314877171588e-01
6.473196320139590343e-01
6.474699325402010208e-01
6.476202330664428963e-01
6.477705335926848829e-01
6.479208341189268694e-01
6.480711346451688559e-01
6.482214351714107314e-01
6.483717356976527180e-01
6.485220362238947045e-01
6.486723367501365800e-01
6.488226372763785665e-01
6.489729378026205531e-01
6.491232383288625396e-01
6.492735388551044151e-01
6.494238393813464016e-01
6.495741399075883882e-01
6.497244404338302637e-01
6.498747409600722502e-01
6.500250414863142367e-01
6.501753420125561123e-01
6.503256425387980988e-01
6.504759430650400853e-01
6.506262435912819608e-01
6.507765441175239474e-01
6.509268446437659339e-01
6.510771451700079204e-01
6.512274456962497959e-01
6.513777462224917825e-01
6.515280467487337690e-01
6.516783472749756445e-01
6.518286478012176310e-01
6.519789483274596176e-01
6.521292488537016041e-01
6.522795493799434796e-01
6.524298499061854661e-01
6.525801504324273417e-01
6.527304509586693282e-01
6.528807514849113147e-01
6.530310520111533013e-01
6.531813525373951768e-01
6.533316530636371633e-01
6.534819535898791498e-01
6.536322541161210253e-01
6.537825546423630119e-01
6.539328551686049984e-01
6.540831556948469849e-01
6.542334562210888604e-01
6.543837567473308470e-01
6.545340572735728335e-01
6.546843577998147090e-01
6.548346583260566955e-01
6.549849588522986821e-01
6.551352593785405576e-01
6.552855599047825441e-01
6.554358604310245306e-01
6.555861609572664062e-01
6.557364614835083927e-01
6.558867620097503792e-01
6.560370625359923658e-01
6.561873630622342413e-01
6.563376635884762278e-01
6.564879641147182143e-01
6.566382646409600898e-01
6.567885651672020764e-01
6.569388656934440629e-01
6.570891662196860494e-01
6.572394667459279249e-01
6.573897672721699115e-01
6.575400677984117870e-01
6.576903683246537735e-01
6.578406688508957600e-01
6.579909693771377466e-01
6.581412699033796221e-01
6.582915704296216086e-01
6.584418709558635951e-01
6.585921714821054707e-01
6.587424720083474572e-01
6.588927725345894437e-01
6.590430730608314303e-01
6.591933735870733058e-01
6.593436741133152923e-01
6.594939746395572788e-01
6.596442751657991543e-01
6.597945756920411409e-01
6.599448762182831274e-01
6.600951767445251139e-01
6.602454772707669894e-01
6.603957777970089760e-01
6.605460783232508515e-01
6.606963788494928380e-01
6.608466793757348245e-01
6.609969799019768111e-01
6.611472804282186866e-01
6.612975809544606731e-01
6.614478814807026597e-01
6.615981820069445352e-01
6.617484825331865217e-01
6.618987830594285082e-01
6.620490835856704948e-01
6.621993841119123703e-01
6.623496846381543568e-01
6.624999851643962323e-01
6.626502856906382188e-01
6.628005862168802054e-01
6.629508867431221919e-01
6.631011872693640674e-01
6.632514877956060539e-01
6.634017883218480405e-01
6.635520888480899160e-01
6.637023893743319025e-01
6.638526899005738890e-01
6.640029904268158756e-01
6.641532909530577511e-01
6.643035914792997376e-01
6.644538920055417242e-01
6.646041925317835997e-01
6.647544930580255862e-01
6.649047935842675727e-01
6.650550941105095593e-01
6.652053946367514348e-01
6.653556951629934213e-01
6.655059956892352968e-01
6.656562962154772833e-01
6.658065967417192699e-01
6.659568972679612564e-01
6.661071977942031319e-01
6.662574983204451184e-01
6.664077988466871050e-01
6.665580993729289805e-01
6.667083998991709670e-01
6.668587004254129535e-01
6.670090009516549401e-01
6.671593014778968156e-01
6.673096020041388021e-01
6.674599025303807887e-01
6.676102030566226642e-01
6.677605035828646507e-01
6.679108041091066372e-01
6.680611046353485127e-01
6.682114051615904993e-01
6.683617056878324858e-01
6.685120062140743613e-01
6.686623067403163478e-01
6.688126072665583344e-01
6.689629077928003209e-01
6.691132083190421964e-01
6.692635088452841829e-01
6.694138093715261695e-01
6.695641098977680450e-01
6.697144104240100315e-01
6.698647109502520181e-01
6.700150114764940046e-01
6.701653120027358801e-01
6.703156125289778666e-01
6.704659130552197421e-01
6.706162135814617287e-01
6.707665141077037152e-01
6.709168146339457017e-01
6.710671151601875772e-01
6.712174156864295638e-01
6.713677162126715503e-01
6.715180167389134258e-01
6.716683172651554123e-01
6.718186177913973989e-01
6.719689183176393854e-01
6.721192188438812609e-01
6.722695193701232474e-01
6.724198198963652340e-01
6.725701204226071095e-01
6.727204209488490960e-01
6.728707214750910826e-01
6.730210220013330691e-01
6.731713225275749446e-01
6.733216230538169311e-01
6.734719235800588066e-01
6.736222241063007932e-01
6.737725246325427797e-01
6.739228251587847662e-01
6.740731256850266417e-01
6.742234262112686283e-01
6.743737267375106148e-01
6.745240272637524903e-01
6.746743277899944768e-01
6.748246283162364634e-01
6.749749288424784499e-01
6.751252293687203254e-01
6.752755298949623119e-01
6.754258304212042985e-01
6.755761309474461740e-01
6.757264314736881605e-01
6.758767319999301471e-01
6.760270325261720226e-01
6.761773330524140091e-01
6.763276335786559956e-01
6.764779341048978711e-01
6.766282346311398577e-01
6.767785351573818442e-01
6.769288356836238307e-01
6.770791362098657062e-01
6.772294367361076928e-01
6.773797372623496793e-01
6.775300377885915548e-01
6.776803383148335413e-01
6.778306388410755279e-01
6.779809393673174034e-01
6.781312398935593899e-01
6.782815404198013765e-01
6.784318409460432520e-01
6.785821414722852385e-01
6.787324419985272250e-01
6.788827425247692116e-01
6.790330430510110871e-01
6.791833435772530736e-01
6.793336441034950601e-01
6.794839446297369356e-01
6.796342451559789222e-01
6.797845456822209087e-01
6.799348462084628952e-01
6.800851467347047707e-01
6.802354472609467573e-01
6.803857477871887438e-01
6.805360483134306193e-01
6.806863488396726058e-01
6.808366493659145924e-01
6.809869498921564679e-01
6.811372504183984544e-01
6.812875509446404410e-01
6.814378514708823165e-01
6.815881519971243030e-01
6.817384525233662895e-01
6.818887530496082761e-01
6.820390535758501516e-01
6.821893541020921381e-01
6.823396546283341246e-01
6.824899551545760001e-01
6.826402556808179867e-01
6.827905562070599732e-01
6.829408567333018487e-01
6.830911572595438352e-01
6.832414577857858218e-01
6.833917583120278083e-01
6.835420588382696838e-01
6.836923593645116703e-01
6.838426598907536569e-01
6.839929604169955324e-01
6.841432609432375189e-01
6.842935614694795055e-01
6.844438619957213810e-01
6.845941625219633675e-01
6.847444630482053540e-01
6.848947635744473406e-01
6.850450641006892161e-01
6.851953646269312026e-01
6.853456651531731891e-01
6.854959656794150646e-01
6.856462662056570512e-01
6.857965667318990377e-01
6.859468672581409132e-01
6.860971677843828997e-01
6.862474683106248863e-01
6.863977688368667618e-01
6.865480693631087483e-01
6.866983698893507349e-01
6.868486704155927214e-01
6.869989709418345969e-01
6.871492714680765834e-01
6.872995719943185700e-01
6.874498725205604455e-01
6.876001730468024320e-01
6.877504735730444185e-01
6.879007740992862940e-01
6.880510746255282806e-01
6.882013751517702671e-01
6.883516756780122536e-01
6.885019762042541291e-01
6.886522767304961157e-01
6.888025772567381022e-01
6.889528777829799777e-01
6.891031783092219642e-01
6.892534788354639508e-01
6.894037793617058263e-01
6.895540798879478128e-01
6.897043804141897994e-01
6.898546809404317859e-01
6.900049814666736614e-01
6.901552819929156479e-01
6.903055825191576345e-01
6.904558830453995100e-01
6.906061835716414965e-01
6.907564840978834830e-01
6.909067846241253585e-01
6.910570851503673451e-01
6.912073856766093316e-01
6.913576862028512071e-01
6.915079867290931936e-01
6.916582872553351802e-01
6.918085877815771667e-01
6.919588883078190422e-01
6.921091888340610287e-01
6.922594893603030153e-01
6.924097898865448908e-01
6.925600904127868773e-01
6.927103909390288639e-01
6.928606914652708504e-01
6.930109919915127259e-01
6.931612925177547124e-01
6.933115930439966990e-01
6.934618935702385745e-01
6.936121940964805610e-01
6.937624946227225475e-01
6.939127951489644230e-01
6.940630956752064096e-01
6.942133962014483961e-01
6.943636967276902716e-01
6.945139972539322581e-01
6.946642977801742447e-01
6.948145983064162312e-01
6.949648988326581067e-01
6.951151993589000933e-01
6.952654998851420798e-01
6.954158004113839553e-01
6.955661009376259418e-01
6.957164014638679284e-01
6.958667019901098039e-01
6.960170025163517904e-01
6.961673030425937769e-01
6.963176035688356524e-01
6.964679040950776390e-01
6.966182046213196255e-01
6.967685051475616120e-01
6.969188056738034875e-01
6.970691062000454741e-01
6.972194067262874606e-01
6.973697072525293361e-01
6.975200077787713226e-01
6.976703083050133092e-01
6.978206088312552957e-01
6.979709093574971712e-01
6.981212098837391578e-01
6.982715104099811443e-01
6.984218109362230198e-01
6.985721114624650063e-01
6.987224119887069929e-01
6.988727125149488684e-01
6.990230130411908549e-01
6.991733135674328414e-01
6.993236140936747169e-01
6.994739146199167035e-01
6.996242151461586900e-01
6.997745156724006765e-01
6.999248161986425520e-01
