6.358730945241482246e-03
1.446182271763202243e-02
1.795054437193013830e-02
2.143926602622825417e-02
2.492798768052637004e-02
2.841670933482448591e-02
3.190543098912260178e-02
3.539415264342071765e-02
3.888287429771883352e-02
4.237159595201694939e-02
4.586031760631506526e-02
4.934903926061318113e-02
5.283776091491129701e-02
5.632648256920941288e-02
5.981520422350752875e-02
6.330392587780564462e-02
6.679264753210376049e-02
7.028136918640187636e-02
7.377009084069999223e-02
7.725881249499810810e-02
8.074753414929622397e-02
8.423625580359433984e-02
8.772497745789245571e-02
9.121369911219057158e-02
9.470242076648868745e-02
9.819114242078680332e-02
1.016798640750849192e-01
1.051685857293830351e-01
1.086573073836811509e-01
1.121460290379792668e-01
1.156347506922773827e-01
1.191234723465754985e-01
1.226121940008736144e-01
1.261009156551717303e-01
1.295896373094698462e-01
1.330783589637679620e-01
1.365670806180660779e-01
1.400558022723641938e-01
1.435445239266623096e-01
1.470332455809604255e-01
1.505219672352585414e-01
1.540106888895566573e-01
1.574994105438547731e-01
1.609881321981528890e-01
1.644768538524510049e-01
1.679655755067491207e-01
1.714542971610472366e-01
1.749430188153453525e-01
1.784317404696434683e-01
1.819204621239415842e-01
1.854091837782397001e-01
1.888979054325378160e-01
1.923866270868359318e-01
1.958753487411340477e-01
1.993640703954321636e-01
2.028527920497302794e-01
2.063415137040283953e-01
2.098302353583265112e-01
2.133189570126246271e-01
2.168076786669227429e-01
2.202964003212208588e-01
2.237851219755189747e-01
2.272738436298170905e-01
2.307625652841152064e-01
2.342512869384133223e-01
2.377400085927114382e-01
2.412287302470095540e-01
2.447174519013076699e-01
2.482061735556057858e-01
2.516948952099039016e-01
2.551836168642019897e-01
2.586723385185001334e-01
2.621610601727982770e-01
2.656497818270964206e-01
2.691385034813944532e-01
2.726272251356925969e-01
2.761159467899907405e-01
2.796046684442888841e-01
2.830933900985869167e-01
2.865821117528850603e-01
2.900708334071832040e-01
2.935595550614813476e-01
2.970482767157793802e-01
3.005369983700775238e-01
3.040257200243756674e-01
3.075144416786738111e-01
3.110031633329718437e-01
3.144918849872699873e-01
3.179806066415681309e-01
3.214693282958662746e-01
3.249580499501643072e-01
3.284467716044624508e-01
3.319354932587605944e-01
3.354242149130587380e-01
3.389129365673567706e-01
3.424016582216549143e-01
3.458903798759530579e-01
3.493791015302512015e-01
3.528678231845492341e-01
3.563565448388473778e-01
3.598452664931455214e-01
3.633339881474436650e-01
3.668227098017416976e-01
3.703114314560398412e-01
3.738001531103379849e-01
3.772888747646361285e-01
3.807775964189341611e-01
3.842663180732323047e-01
3.877550397275304483e-01
3.912437613818285920e-01
3.947324830361266246e-01
3.982212046904247682e-01
4.017099263447229118e-01
4.051986479990210555e-01
4.086873696533190881e-01
4.121760913076172317e-01
4.156648129619153753e-01
4.191535346162135189e-01
4.226422562705115515e-01
4.261309779248096952e-01
4.296196995791078388e-01
4.331084212334059824e-01
4.365971428877040150e-01
4.400858645420021587e-01
4.435745861963003023e-01
4.470633078505984459e-01
4.505520295048964785e-01
4.540407511591946221e-01
4.575294728134927658e-01
4.610181944677909094e-01
4.645069161220889420e-01
4.679956377763870856e-01
4.714843594306852292e-01
4.749730810849833729e-01
4.784618027392814055e-01
4.819505243935795491e-01
4.854392460478776927e-01
4.889279677021758364e-01
4.924166893564738690e-01
4.959054110107720126e-01
4.993941326650701562e-01
5.028828543193681888e-01
5.063715759736664435e-01
5.098602976279644761e-01
5.133490192822626197e-01
5.168377409365607633e-01
5.203264625908587959e-01
5.238151842451570506e-01
5.273039058994550832e-01
5.307926275537531158e-01
5.342813492080513704e-01
5.377700708623494030e-01
5.412587925166475467e-01
5.447475141709456903e-01
5.482362358252437229e-01
5.517249574795419775e-01
5.552136791338400101e-01
5.587024007881380427e-01
5.621911224424362974e-01
5.656798440967343300e-01
5.691685657510324736e-01
5.726572874053306172e-01
5.761460090596286499e-01
5.796347307139269045e-01
5.831234523682249371e-01
5.866121740225229697e-01
5.901008956768212244e-01
5.935896173311192570e-01
5.970783389854174006e-01
6.005670606397155442e-01
6.040557822940135768e-01
6.075445039483118315e-01
6.110332256026098641e-01
6.145219472569078967e-01
6.180106689112061513e-01
6.214993905655041839e-01
6.249881122198023276e-01
6.284768338741004712e-01
6.319655555283985038e-01
6.354542771826967584e-01
6.389429988369947910e-01
6.424317204912928236e-01
6.459204421455910783e-01
6.494091637998891109e-01
6.528978854541872545e-01
6.563866071084853981e-01
6.598753287627834307e-01
6.633640504170816854e-01
6.668527720713797180e-01
6.703414937256777506e-01
6.738302153799760053e-01
6.773189370342740379e-01
6.808076586885721815e-01
6.842963803428703251e-01
6.877851019971683577e-01
6.912738236514666124e-01
6.947625453057646450e-01
6.982512669600626776e-01
7.017399886143609322e-01
7.052287102686589648e-01
7.087174319229571084e-01
7.122061535772552521e-01
7.156948752315532847e-01
7.191835968858515393e-01
7.226723185401495719e-01
7.261610401944476045e-01
7.296497618487458592e-01
7.331384835030438918e-01
7.366272051573420354e-01
7.401159268116401790e-01
7.436046484659382116e-01
7.470933701202364663e-01
7.505820917745344989e-01
7.540708134288325315e-01
7.575595350831307861e-01
7.610482567374288188e-01
7.645369783917269624e-01
7.680257000460251060e-01
7.715144217003231386e-01
7.750031433546213933e-01
7.784918650089194259e-01
7.819805866632174585e-01
7.854693083175157131e-01
7.889580299718137457e-01
7.924467516261118893e-01
7.959354732804100330e-01
7.994241949347080656e-01
8.029129165890063202e-01
8.064016382433043528e-01
8.098903598976023854e-01
8.133790815519006401e-01
8.168678032061986727e-01
8.203565248604968163e-01
8.238452465147949599e-01
8.273339681690929925e-01
8.308226898233912472e-01
8.343114114776892798e-01
8.378001331319873124e-01
8.412888547862855670e-01
8.447775764405835996e-01
8.482662980948817433e-01
8.517550197491798869e-01
8.552437414034779195e-01
8.587324630577761742e-01
8.622211847120742068e-01
8.657099063663722394e-01
8.691986280206704940e-01
8.726873496749685266e-01
8.761760713292666702e-01
8.796647929835648139e-01
8.831535146378628465e-01
8.866422362921611011e-01
8.901309579464591337e-01
8.936196796007571663e-01
8.971084012550554210e-01
9.005971229093534536e-01
9.040858445636515972e-01
9.075745662179497408e-01
9.110632878722477734e-01
9.145520095265460281e-01
9.180407311808440607e-01
9.215294528351420933e-01
9.250181744894403479e-01
9.285068961437383805e-01
9.319956177980365242e-01
9.354843394523346678e-01
9.389730611066327004e-01
9.424617827609309550e-01
9.459505044152289877e-01
9.494392260695270203e-01
9.529279477238252749e-01
9.564166693781233075e-01
9.599053910324214511e-01
9.633941126867195948e-01
9.668828343410176274e-01
9.703715559953158820e-01
9.738602776496139146e-01
9.773489993039119472e-01
9.808377209582102019e-01
9.843264426125082345e-01
9.878151642668063781e-01
9.913038859211045217e-01
9.947926075754025543e-01
9.982813292297008090e-01
1.001770050883998842e+00
1.005258772538296874e+00
1.008747494192594907e+00
1.012236215846892939e+00
1.015724937501191194e+00
1.019213659155489449e+00
1.022702380809787481e+00
1.026191102464085514e+00
1.029679824118383547e+00
1.033168545772681801e+00
1.036657267426980056e+00
1.040145989081278088e+00
1.043634710735576121e+00
1.047123432389874154e+00
1.050612154044172186e+00
1.054100875698470441e+00
1.057589597352768696e+00
1.061078319007066728e+00
1.064567040661364761e+00
1.068055762315662793e+00
1.071544483969961048e+00
1.075033205624259303e+00
1.078521927278557335e+00
1.082010648932855368e+00
1.085499370587153400e+00
1.088988092241451655e+00
1.092476813895749910e+00
1.095965535550047942e+00
1.099454257204345975e+00
1.102942978858644008e+00
1.106431700512942040e+00
1.109920422167240295e+00
1.113409143821538549e+00
1.116897865475836582e+00
1.120386587130134615e+00
1.123875308784432647e+00
1.127364030438730902e+00
1.130852752093029157e+00
1.134341473747327189e+00
1.137830195401625222e+00
1.141318917055923254e+00
1.144807638710221509e+00
1.148296360364519764e+00
1.151785082018817796e+00
1.155273803673115829e+00
1.158762525327413861e+00
1.162251246981711894e+00
1.165739968636010149e+00
1.169228690290308403e+00
1.172717411944606436e+00
1.176206133598904469e+00
1.179694855253202501e+00
1.183183576907500756e+00
1.186672298561799010e+00
1.190161020216097043e+00
1.193649741870395076e+00
1.197138463524693108e+00
1.200627185178991363e+00
1.204115906833289618e+00
1.207604628487587650e+00
1.211093350141885683e+00
1.214582071796183715e+00
1.218070793450481748e+00
1.221559515104780003e+00
1.225048236759078257e+00
1.228536958413376290e+00
1.232025680067674323e+00
1.235514401721972355e+00
1.239003123376270610e+00
1.242491845030568864e+00
1.245980566684866897e+00
1.249469288339164930e+00
1.252958009993462962e+00
1.256446731647761217e+00
1.259935453302059472e+00
1.263424174956357504e+00
1.266912896610655537e+00
1.270401618264953569e+00
1.273890339919251602e+00
1.277379061573549857e+00
1.280867783227848111e+00
1.284356504882146144e+00
1.287845226536444176e+00
1.291333948190742209e+00
1.294822669845040464e+00
1.298311391499338718e+00
1.301800113153636751e+00
1.305288834807934784e+00
1.308777556462232816e+00
1.312266278116531071e+00
1.315754999770829325e+00
1.319243721425127358e+00
1.322732443079425391e+00
1.326221164733723423e+00
1.329709886388021456e+00
1.333198608042319711e+00
1.336687329696617965e+00
1.340176051350915998e+00
1.343664773005214030e+00
1.347153494659512063e+00
1.350642216313810318e+00
1.354130937968108572e+00
1.357619659622406605e+00
1.361108381276704637e+00
1.364597102931002670e+00
1.368085824585300925e+00
1.371574546239599179e+00
1.375063267893897212e+00
1.378551989548195245e+00
1.382040711202493277e+00
1.385529432856791310e+00
1.389018154511089564e+00
1.392506876165387819e+00
1.395995597819685852e+00
1.399484319473983884e+00
1.402973041128281917e+00
1.406461762782580172e+00
1.409950484436878426e+00
1.413439206091176459e+00
1.416927927745474491e+00
1.420416649399772524e+00
1.423905371054070779e+00
1.427394092708369033e+00
1.430882814362667066e+00
1.434371536016965099e+00
1.437860257671263131e+00
1.441348979325561164e+00
1.444837700979859418e+00
1.448326422634157673e+00
1.451815144288455706e+00
1.455303865942753738e+00
1.458792587597051771e+00
1.462281309251350025e+00
1.465770030905648280e+00
1.469258752559946313e+00
1.472747474214244345e+00
1.476236195868542378e+00
1.479724917522840633e+00
1.483213639177138887e+00
1.486702360831436920e+00
1.490191082485734952e+00
1.493679804140032985e+00
1.497168525794331018e+00
1.500657247448629272e+00
1.504145969102927527e+00
1.507634690757225560e+00
1.511123412411523592e+00
1.514612134065821625e+00
1.518100855720119879e+00
1.521589577374418134e+00
1.525078299028716167e+00
1.528567020683014199e+00
1.532055742337312232e+00
1.535544463991610487e+00
1.539033185645908741e+00
1.542521907300206774e+00
1.546010628954504806e+00
1.549499350608802839e+00
1.552988072263100872e+00
1.556476793917399126e+00
1.559965515571697381e+00
1.563454237225995413e+00
1.566942958880293446e+00
1.570431680534591479e+00
1.573920402188889733e+00
1.577409123843187988e+00
1.580897845497486021e+00
1.584386567151784053e+00
1.587875288806082086e+00
1.591364010460380340e+00
1.594852732114678595e+00
1.598341453768976628e+00
1.601830175423274660e+00
1.605318897077572693e+00
1.608807618731870726e+00
1.612296340386168980e+00
1.615785062040467235e+00
1.619273783694765267e+00
1.622762505349063300e+00
1.626251227003361333e+00
1.629739948657659587e+00
1.633228670311957842e+00
1.636717391966255875e+00
1.640206113620553907e+00
1.643694835274851940e+00
1.647183556929150194e+00
1.650672278583448449e+00
1.654161000237746482e+00
1.657649721892044514e+00
1.661138443546342547e+00
1.664627165200640579e+00
1.668115886854938834e+00
1.671604608509237089e+00
1.675093330163535121e+00
1.678582051817833154e+00
1.682070773472131187e+00
1.685559495126429441e+00
1.689048216780727696e+00
1.692536938435025728e+00
1.696025660089323761e+00
1.699514381743621794e+00
1.703003103397920048e+00
1.706491825052218303e+00
1.709980546706516336e+00
1.713469268360814368e+00
1.716957990015112401e+00
1.720446711669410433e+00
1.723935433323708688e+00
1.727424154978006943e+00
1.730912876632304975e+00
1.734401598286603008e+00
1.737890319940901040e+00
1.741379041595199295e+00
1.744867763249497550e+00
1.748356484903795582e+00
1.751845206558093615e+00
1.755333928212391648e+00
1.758822649866689902e+00
1.762311371520988157e+00
1.765800093175286190e+00
1.769288814829584222e+00
1.772777536483882255e+00
1.776266258138180287e+00
1.779754979792478542e+00
1.783243701446776797e+00
1.786732423101074829e+00
1.790221144755372862e+00
1.793709866409670894e+00
1.797198588063969149e+00
1.800687309718267404e+00
1.804176031372565436e+00
1.807664753026863469e+00
1.811153474681161502e+00
1.814642196335459756e+00
1.818130917989758011e+00
1.821619639644056043e+00
1.825108361298354076e+00
1.828597082952652109e+00
1.832085804606950141e+00
1.835574526261248396e+00
1.839063247915546651e+00
1.842551969569844683e+00
1.846040691224142716e+00
1.849529412878440748e+00
1.853018134532739003e+00
1.856506856187037258e+00
1.859995577841335290e+00
1.863484299495633323e+00
1.866973021149931355e+00
1.870461742804229610e+00
1.873950464458527865e+00
1.877439186112825897e+00
1.880927907767123930e+00
1.884416629421421963e+00
1.887905351075719995e+00
1.891394072730018250e+00
1.894882794384316504e+00
1.898371516038614537e+00
1.901860237692912570e+00
1.905348959347210602e+00
1.908837681001508857e+00
1.912326402655807112e+00
1.915815124310105144e+00
1.919303845964403177e+00
1.922792567618701209e+00
1.926281289272999464e+00
1.929770010927297719e+00
1.933258732581595751e+00
1.936747454235893784e+00
1.940236175890191817e+00
1.943724897544489849e+00
1.947213619198788104e+00
1.950702340853086358e+00
1.954191062507384391e+00
1.957679784161682424e+00
1.961168505815980456e+00
1.964657227470278711e+00
1.968145949124576966e+00
1.971634670778874998e+00
1.975123392433173031e+00
1.978612114087471063e+00
1.982100835741769318e+00
1.985589557396067573e+00
1.989078279050365605e+00
1.992567000704663638e+00
1.996055722358961670e+00
1.999544444013259925e+00
2.003033165667558180e+00
2.006521887321856212e+00
2.010010608976154245e+00
2.013499330630452278e+00
2.016988052284750754e+00
2.020476773939048787e+00
2.023965495593346819e+00
2.027454217247645296e+00
2.030942938901943329e+00
2.034431660556241361e+00
2.037920382210539394e+00
2.041409103864837427e+00
2.044897825519135459e+00
2.048386547173433492e+00
2.051875268827731968e+00
2.055363990482030001e+00
2.058852712136328034e+00
2.062341433790626066e+00
2.065830155444924543e+00
2.069318877099222576e+00
2.072807598753520608e+00
2.076296320407818641e+00
2.079785042062116673e+00
2.083273763716414706e+00
2.086762485370712739e+00
2.090251207025011215e+00
2.093739928679309248e+00
2.097228650333607280e+00
2.100717371987905313e+00
2.104206093642203790e+00
2.107694815296501822e+00
2.111183536950799855e+00
2.114672258605097888e+00
2.118160980259395920e+00
2.121649701913693953e+00
2.125138423567991985e+00
2.128627145222290462e+00
2.132115866876588495e+00
2.135604588530886527e+00
2.139093310185185004e+00
2.142582031839483037e+00
2.146070753493781069e+00
2.149559475148079102e+00
2.153048196802377134e+00
2.156536918456675167e+00
2.160025640110973200e+00
2.163514361765271676e+00
2.167003083419569709e+00
2.170491805073867742e+00
2.173980526728165774e+00
2.177469248382464251e+00
2.180957970036762283e+00
2.184446691691060316e+00
2.187935413345358349e+00
2.191424134999656381e+00
2.194912856653954414e+00
2.198401578308252446e+00
2.201890299962550923e+00
2.205379021616848956e+00
2.208867743271146988e+00
2.212356464925445021e+00
2.215845186579743498e+00
2.219333908234041530e+00
2.222822629888339563e+00
2.226311351542637595e+00
2.229800073196935628e+00
2.233288794851233661e+00
2.236777516505531693e+00
2.240266238159830170e+00
2.243754959814128203e+00
2.247243681468426235e+00
2.250732403122724712e+00
2.254221124777022744e+00
2.257709846431320777e+00
2.261198568085618810e+00
2.264687289739916842e+00
2.268176011394214875e+00
2.271664733048512907e+00
2.275153454702811384e+00
2.278642176357109417e+00
2.282130898011407449e+00
2.285619619665705482e+00
2.289108341320003959e+00
2.292597062974301991e+00
2.296085784628600024e+00
2.299574506282898056e+00
2.303063227937196089e+00
2.306551949591494122e+00
2.310040671245792154e+00
2.313529392900090631e+00
2.317018114554388664e+00
2.320506836208686696e+00
2.323995557862984729e+00
2.327484279517283206e+00
2.330973001171581238e+00
2.334461722825879271e+00
2.337950444480177303e+00
2.341439166134475336e+00
2.344927887788773369e+00
2.348416609443071401e+00
2.351905331097369878e+00
2.355394052751667910e+00
2.358882774405965943e+00
2.362371496060264420e+00
2.365860217714562452e+00
2.369348939368860485e+00
2.372837661023158518e+00
2.376326382677456550e+00
2.379815104331754583e+00
2.383303825986052615e+00
2.386792547640351092e+00
2.390281269294649125e+00
2.393769990948947157e+00
2.397258712603245190e+00
2.400747434257543667e+00
2.404236155911841699e+00
2.407724877566139732e+00
2.411213599220437764e+00
2.414702320874735797e+00
2.418191042529033830e+00
2.421679764183331862e+00
2.425168485837630339e+00
2.428657207491928371e+00
2.432145929146226404e+00
2.435634650800524437e+00
2.439123372454822913e+00
2.442612094109120946e+00
2.446100815763418979e+00
2.449589537417717011e+00
2.453078259072015044e+00
2.456566980726313076e+00
2.460055702380611109e+00
2.463544424034909586e+00
2.467033145689207618e+00
2.470521867343505651e+00
2.474010588997804128e+00
2.477499310652102160e+00
2.480988032306400193e+00
2.484476753960698225e+00
2.487965475614996258e+00
2.491454197269294291e+00
2.494942918923592323e+00
2.498431640577890800e+00
2.501920362232188833e+00
2.505409083886486865e+00
2.508897805540784898e+00
2.512386527195083374e+00
2.515875248849381407e+00
2.519363970503679440e+00
2.522852692157977472e+00
2.526341413812275505e+00
2.529830135466573537e+00
2.533318857120871570e+00
2.536807578775170047e+00
2.540296300429468079e+00
2.543785022083766112e+00
2.547273743738064145e+00
2.550762465392362621e+00
2.554251187046660654e+00
2.557739908700958686e+00
2.561228630355256719e+00
2.564717352009554752e+00
2.568206073663852784e+00
2.571694795318150817e+00
2.575183516972449294e+00
2.578672238626747326e+00
2.582160960281045359e+00
2.585649681935343835e+00
2.589138403589641868e+00
2.592627125243939901e+00
2.596115846898237933e+00
2.599604568552535966e+00
2.603093290206833998e+00
2.606582011861132031e+00
2.610070733515430508e+00
2.613559455169728540e+00
2.617048176824026573e+00
2.620536898478324606e+00
2.624025620132623082e+00
2.627514341786921115e+00
2.631003063441219147e+00
2.634491785095517180e+00
2.637980506749815213e+00
2.641469228404113245e+00
2.644957950058411278e+00
2.648446671712709755e+00
2.651935393367007787e+00
2.655424115021305820e+00
2.658912836675603852e+00
2.662401558329902329e+00
2.665890279984200362e+00
2.669379001638498394e+00
2.672867723292796427e+00
2.676356444947094460e+00
2.679845166601392492e+00
2.683333888255690525e+00
2.686822609909989001e+00
2.690311331564287034e+00
2.693800053218585067e+00
2.697288774872883543e+00
2.700777496527181576e+00
2.704266218181479609e+00
2.707754939835777641e+00
2.711243661490075674e+00
2.714732383144373706e+00
2.718221104798671739e+00
2.721709826452970216e+00
2.725198548107268248e+00
2.728687269761566281e+00
2.732175991415864313e+00
2.735664713070162790e+00
2.739153434724460823e+00
2.742642156378758855e+00
2.746130878033056888e+00
2.749619599687354921e+00
2.753108321341652953e+00
2.756597042995950986e+00
2.760085764650249462e+00
2.763574486304547495e+00
2.767063207958845528e+00
2.770551929613143560e+00
2.774040651267442037e+00
2.777529372921740070e+00
2.781018094576038102e+00
2.784506816230336135e+00
2.787995537884634167e+00
2.791484259538932200e+00
2.794972981193230233e+00
2.798461702847528709e+00
2.801950424501826742e+00
2.805439146156124774e+00
2.808927867810423251e+00
2.812416589464721284e+00
2.815905311119019316e+00
2.819394032773317349e+00
2.822882754427615382e+00
2.826371476081913414e+00
2.829860197736211447e+00
2.833348919390509923e+00
2.836837641044807956e+00
2.840326362699105989e+00
2.843815084353404021e+00
2.847303806007702498e+00
2.850792527662000531e+00
2.854281249316298563e+00
2.857769970970596596e+00
2.861258692624894628e+00
2.864747414279192661e+00
2.868236135933490694e+00
2.871724857587789170e+00
2.875213579242087203e+00
2.878702300896385236e+00
2.882191022550683268e+00
2.885679744204981745e+00
2.889168465859279777e+00
2.892657187513577810e+00
2.896145909167875843e+00
2.899634630822173875e+00
2.903123352476471908e+00
2.906612074130769940e+00
2.910100795785068417e+00
2.913589517439366450e+00
2.917078239093664482e+00
2.920566960747962959e+00
2.924055682402260992e+00
2.927544404056559024e+00
2.931033125710857057e+00
2.934521847365155089e+00
2.938010569019453122e+00
2.941499290673751155e+00
2.944988012328049631e+00
2.948476733982347664e+00
2.951965455636645697e+00
2.955454177290943729e+00
2.958942898945242206e+00
2.962431620599540238e+00
2.965920342253838271e+00
2.969409063908136304e+00
2.972897785562434336e+00
2.976386507216732369e+00
2.979875228871030401e+00
2.983363950525328878e+00
2.986852672179626911e+00
2.990341393833924943e+00
2.993830115488222976e+00
2.997318837142521453e+00
3.000807558796819485e+00
3.004296280451117518e+00
3.007785002105415550e+00
3.011273723759713583e+00
3.014762445414011616e+00
3.018251167068309648e+00
3.021739888722608125e+00
3.025228610376906158e+00
3.028717332031204190e+00
3.032206053685502667e+00
3.035694775339800699e+00
3.039183496994098732e+00
3.042672218648396765e+00
3.046160940302694797e+00
3.049649661956992830e+00
3.053138383611290863e+00
3.056627105265589339e+00
3.060115826919887372e+00
3.063604548574185404e+00
3.067093270228483437e+00
3.070581991882781914e+00
3.074070713537079946e+00
3.077559435191377979e+00
3.081048156845676012e+00
3.084536878499974044e+00
3.088025600154272077e+00
3.091514321808570109e+00
3.095003043462868586e+00
3.098491765117166619e+00
3.101980486771464651e+00
3.105469208425762684e+00
3.108957930080061161e+00
3.112446651734359193e+00
3.115935373388657226e+00
3.119424095042955258e+00
3.122912816697253291e+00
3.126401538351551324e+00
3.129890260005849356e+00
3.133378981660147833e+00
3.136867703314445865e+00
3.140356424968743898e+00
3.143845146623042375e+00
3.147333868277340407e+00
3.150822589931638440e+00
3.154311311585936473e+00
3.157800033240234505e+00
3.161288754894532538e+00
3.164777476548830570e+00
3.168266198203129047e+00
3.171754919857427080e+00
3.175243641511725112e+00
3.178732363166023145e+00
3.182221084820321622e+00
3.185709806474619654e+00
3.189198528128917687e+00
3.192687249783215719e+00
3.196175971437513752e+00
3.199664693091811785e+00
3.203153414746109817e+00
3.206642136400408294e+00
3.210130858054706326e+00
3.213619579709004359e+00
3.217108301363302392e+00
3.220597023017600868e+00
3.224085744671898901e+00
3.227574466326196934e+00
3.231063187980494966e+00
3.234551909634792999e+00
3.238040631289091031e+00
3.241529352943389064e+00
3.245018074597687541e+00
3.248506796251985573e+00
3.251995517906283606e+00
3.255484239560582083e+00
3.258972961214880115e+00
3.262461682869178148e+00
3.265950404523476180e+00
3.269439126177774213e+00
3.272927847832072246e+00
3.276416569486370278e+00
3.279905291140668755e+00
3.283394012794966788e+00
3.286882734449264820e+00
3.290371456103562853e+00
3.293860177757861329e+00
3.297348899412159362e+00
3.300837621066457395e+00
3.304326342720755427e+00
3.307815064375053460e+00
3.311303786029351492e+00
3.314792507683649525e+00
3.318281229337948002e+00
3.321769950992246034e+00
3.325258672646544067e+00
3.328747394300842100e+00
3.332236115955140576e+00
3.335724837609438609e+00
3.339213559263736641e+00
3.342702280918034674e+00
3.346191002572332707e+00
3.349679724226630739e+00
3.353168445880928772e+00
3.356657167535227249e+00
3.360145889189525281e+00
3.363634610843823314e+00
3.367123332498121790e+00
3.370612054152419823e+00
3.374100775806717856e+00
3.377589497461015888e+00
3.381078219115313921e+00
3.384566940769611953e+00
3.388055662423909986e+00
3.391544384078208463e+00
3.395033105732506495e+00
3.398521827386804528e+00
3.402010549041102561e+00
3.405499270695401037e+00
3.408987992349699070e+00
3.412476714003997103e+00
3.415965435658295135e+00
3.419454157312593168e+00
3.422942878966891200e+00
3.426431600621189233e+00
3.429920322275487710e+00
3.433409043929785742e+00
3.436897765584083775e+00
3.440386487238381807e+00
3.443875208892680284e+00
3.447363930546978317e+00
3.450852652201276349e+00
3.454341373855574382e+00
3.457830095509872415e+00
3.461318817164170447e+00
3.464807538818468480e+00
3.468296260472766956e+00
3.471784982127064989e+00
3.475273703781363022e+00
3.478762425435661498e+00
3.482251147089959531e+00
3.485739868744257564e+00
3.489228590398555596e+00
