3.376764004233054860e-03
8.507026008822967528e-03
1.201402200953668661e-02
1.552101801025040397e-02
1.902801401096412132e-02
2.253501001167784040e-02
2.604200601239155949e-02
2.954900201310527511e-02
3.305599801381899072e-02
3.656299401453270981e-02
4.006999001524642889e-02
4.357698601596014798e-02
4.708398201667386707e-02
5.059097801738758615e-02
5.409797401810130524e-02
5.760497001881501739e-02
6.111196601952872953e-02
6.461896202024244862e-02
6.812595802095616770e-02
7.163295402166988679e-02
7.513995002238360588e-02
7.864694602309732496e-02
8.215394202381104405e-02
8.566093802452476313e-02
8.916793402523848222e-02
9.267493002595220131e-02
9.618192602666592039e-02
9.968892202737962560e-02
1.031959180280933447e-01
1.067029140288070638e-01
1.102099100295207829e-01
1.137169060302345019e-01
1.172239020309482210e-01
1.207308980316619401e-01
1.242378940323756592e-01
1.277448900330893644e-01
1.312518860338030835e-01
1.347588820345168026e-01
1.382658780352305217e-01
1.417728740359442408e-01
1.452798700366579598e-01
1.487868660373716789e-01
1.522938620380853980e-01
1.558008580387991171e-01
1.593078540395128362e-01
1.628148500402265553e-01
1.663218460409402744e-01
1.698288420416539934e-01
1.733358380423677125e-01
1.768428340430814316e-01
1.803498300437951507e-01
1.838568260445088698e-01
1.873638220452225889e-01
1.908708180459363080e-01
1.943778140466499993e-01
1.978848100473637184e-01
2.013918060480774375e-01
2.048988020487911565e-01
2.084057980495048756e-01
2.119127940502185947e-01
2.154197900509323138e-01
2.189267860516460329e-01
2.224337820523597520e-01
2.259407780530734711e-01
2.294477740537871902e-01
2.329547700545009092e-01
2.364617660552146283e-01
2.399687620559283474e-01
2.434757580566420665e-01
2.469827540573557856e-01
2.504897500580695047e-01
2.539967460587831960e-01
2.575037420594968873e-01
2.610107380602105787e-01
2.645177340609243810e-01
2.680247300616380723e-01
2.715317260623517637e-01
2.750387220630654550e-01
2.785457180637792574e-01
2.820527140644929487e-01
2.855597100652066400e-01
2.890667060659203313e-01
2.925737020666341337e-01
2.960806980673478250e-01
2.995876940680615164e-01
3.030946900687752077e-01
3.066016860694889545e-01
3.101086820702027014e-01
3.136156780709163927e-01
3.171226740716300840e-01
3.206296700723437754e-01
3.241366660730575777e-01
3.276436620737712690e-01
3.311506580744849604e-01
3.346576540751986517e-01
3.381646500759124541e-01
3.416716460766261454e-01
3.451786420773398367e-01
3.486856380780535281e-01
3.521926340787673304e-01
3.556996300794810217e-01
3.592066260801947131e-01
3.627136220809084044e-01
3.662206180816222068e-01
3.697276140823358981e-01
3.732346100830495894e-01
3.767416060837632807e-01
3.802486020844770276e-01
3.837555980851907744e-01
3.872625940859044658e-01
3.907695900866181571e-01
3.942765860873318484e-01
3.977835820880456508e-01
4.012905780887593421e-01
4.047975740894730334e-01
4.083045700901867248e-01
4.118115660909005271e-01
4.153185620916142184e-01
4.188255580923279098e-01
4.223325540930416011e-01
4.258395500937554035e-01
4.293465460944690948e-01
4.328535420951827861e-01
4.363605380958964775e-01
4.398675340966102798e-01
4.433745300973239711e-01
4.468815260980376625e-01
4.503885220987513538e-01
4.538955180994651006e-01
4.574025141001788475e-01
4.609095101008925388e-01
4.644165061016062301e-01
4.679235021023199215e-01
4.714304981030337238e-01
4.749374941037474152e-01
4.784444901044611065e-01
4.819514861051747978e-01
4.854584821058886002e-01
4.889654781066022915e-01
4.924724741073159828e-01
4.959794701080296742e-01
4.994864661087434765e-01
5.029934621094571678e-01
5.065004581101708592e-01
5.100074541108845505e-01
5.135144501115982418e-01
5.170214461123120442e-01
5.205284421130257355e-01
5.240354381137395379e-01
5.275424341144532292e-01
5.310494301151669205e-01
5.345564261158806119e-01
5.380634221165943032e-01
5.415704181173079945e-01
5.450774141180216859e-01
5.485844101187354882e-01
5.520914061194491795e-01
5.555984021201629819e-01
5.591053981208766732e-01
5.626123941215903645e-01
5.661193901223040559e-01
5.696263861230177472e-01
5.731333821237314385e-01
5.766403781244452409e-01
5.801473741251589322e-01
5.836543701258727346e-01
5.871613661265864259e-01
5.906683621273001172e-01
5.941753581280138086e-01
5.976823541287274999e-01
6.011893501294411912e-01
6.046963461301549936e-01
6.082033421308686849e-01
6.117103381315823762e-01
6.152173341322961786e-01
6.187243301330098699e-01
6.222313261337235613e-01
6.257383221344372526e-01
6.292453181351509439e-01
6.327523141358646352e-01
6.362593101365784376e-01
6.397663061372921289e-01
6.432733021380059313e-01
6.467802981387196226e-01
6.502872941394333139e-01
6.537942901401470053e-01
6.573012861408606966e-01
6.608082821415743879e-01
6.643152781422881903e-01
6.678222741430018816e-01
6.713292701437156840e-01
6.748362661444293753e-01
6.783432621451430666e-01
6.818502581458567580e-01
6.853572541465704493e-01
6.888642501472841406e-01
6.923712461479978320e-01
6.958782421487116343e-01
6.993852381494253256e-01
7.028922341501391280e-01
7.063992301508528193e-01
7.099062261515665107e-01
7.134132221522802020e-01
7.169202181529938933e-01
7.204272141537075846e-01
7.239342101544213870e-01
7.274412061551350783e-01
7.309482021558488807e-01
7.344551981565625720e-01
7.379621941572762633e-01
7.414691901579899547e-01
7.449761861587036460e-01
7.484831821594173373e-01
7.519901781601311397e-01
7.554971741608448310e-01
7.590041701615585223e-01
7.625111661622723247e-01
7.660181621629860160e-01
7.695251581636997074e-01
7.730321541644133987e-01
7.765391501651270900e-01
7.800461461658407814e-01
7.835531421665545837e-01
7.870601381672682750e-01
7.905671341679820774e-01
7.940741301686957687e-01
7.975811261694094600e-01
8.010881221701231514e-01
8.045951181708368427e-01
8.081021141715505340e-01
8.116091101722643364e-01
8.151161061729780277e-01
8.186231021736918301e-01
8.221300981744055214e-01
8.256370941751192127e-01
8.291440901758329041e-01
8.326510861765465954e-01
8.361580821772602867e-01
8.396650781779739781e-01
8.431720741786877804e-01
8.466790701794014717e-01
8.501860661801152741e-01
8.536930621808289654e-01
8.572000581815426568e-01
8.607070541822563481e-01
8.642140501829700394e-01
8.677210461836837307e-01
8.712280421843975331e-01
8.747350381851112244e-01
8.782420341858250268e-01
8.817490301865387181e-01
8.852560261872524094e-01
8.887630221879661008e-01
8.922700181886797921e-01
8.957770141893934834e-01
8.992840101901072858e-01
9.027910061908209771e-01
9.062980021915346684e-01
9.098049981922484708e-01
9.133119941929621621e-01
9.168189901936758535e-01
9.203259861943895448e-01
9.238329821951032361e-01
9.273399781958169275e-01
9.308469741965307298e-01
9.343539701972444211e-01
9.378609661979582235e-01
9.413679621986719148e-01
9.448749581993856062e-01
9.483819542000992975e-01
9.518889502008129888e-01
9.553959462015266801e-01
9.589029422022404825e-01
9.624099382029541738e-01
9.659169342036679762e-01
9.694239302043816675e-01
9.729309262050953588e-01
9.764379222058090502e-01
9.799449182065227415e-01
9.834519142072364328e-01
9.869589102079501242e-01
9.904659062086639265e-01
9.939729022093776178e-01
9.974798982100914202e-01
1.000986894210805112e+00
1.004493890211518803e+00
1.008000886212232494e+00
1.011507882212946186e+00
1.015014878213659877e+00
1.018521874214373568e+00
1.022028870215087260e+00
1.025535866215801173e+00
1.029042862216514864e+00
1.032549858217228556e+00
1.036056854217942247e+00
1.039563850218655938e+00
1.043070846219369630e+00
1.046577842220083543e+00
1.050084838220797234e+00
1.053591834221510926e+00
1.057098830222224617e+00
1.060605826222938308e+00
1.064112822223652000e+00
1.067619818224365691e+00
1.071126814225079382e+00
1.074633810225793074e+00
1.078140806226506765e+00
1.081647802227220456e+00
1.085154798227934370e+00
1.088661794228648061e+00
1.092168790229361752e+00
1.095675786230075444e+00
1.099182782230789135e+00
1.102689778231502826e+00
1.106196774232216740e+00
1.109703770232930431e+00
1.113210766233644122e+00
1.116717762234357814e+00
1.120224758235071505e+00
1.123731754235785196e+00
1.127238750236498888e+00
1.130745746237212579e+00
1.134252742237926270e+00
1.137759738238639962e+00
1.141266734239353653e+00
1.144773730240067566e+00
1.148280726240781258e+00
1.151787722241494949e+00
1.155294718242208640e+00
1.158801714242922332e+00
1.162308710243636023e+00
1.165815706244349936e+00
1.169322702245063628e+00
1.172829698245777319e+00
1.176336694246491010e+00
1.179843690247204702e+00
1.183350686247918393e+00
1.186857682248632084e+00
1.190364678249345776e+00
1.193871674250059467e+00
1.197378670250773158e+00
1.200885666251487072e+00
1.204392662252200763e+00
1.207899658252914454e+00
1.211406654253628146e+00
1.214913650254341837e+00
1.218420646255055528e+00
1.221927642255769220e+00
1.225434638256483133e+00
1.228941634257196824e+00
1.232448630257910516e+00
1.235955626258624207e+00
1.239462622259337898e+00
1.242969618260051590e+00
1.246476614260765281e+00
1.249983610261478972e+00
1.253490606262192664e+00
1.256997602262906355e+00
1.260504598263620268e+00
1.264011594264333960e+00
1.267518590265047651e+00
1.271025586265761342e+00
1.274532582266475034e+00
1.278039578267188725e+00
1.281546574267902416e+00
1.285053570268616330e+00
1.288560566269330021e+00
1.292067562270043712e+00
1.295574558270757404e+00
1.299081554271471095e+00
1.302588550272184786e+00
1.306095546272898478e+00
1.309602542273612169e+00
1.313109538274325860e+00
1.316616534275039552e+00
1.320123530275753465e+00
1.323630526276467156e+00
1.327137522277180848e+00
1.330644518277894539e+00
1.334151514278608230e+00
1.337658510279321922e+00
1.341165506280035835e+00
1.344672502280749526e+00
1.348179498281463218e+00
1.351686494282176909e+00
1.355193490282890600e+00
1.358700486283604292e+00
1.362207482284317983e+00
1.365714478285031674e+00
1.369221474285745366e+00
1.372728470286459057e+00
1.376235466287172748e+00
1.379742462287886662e+00
1.383249458288600353e+00
1.386756454289314044e+00
1.390263450290027736e+00
1.393770446290741427e+00
1.397277442291455118e+00
1.400784438292169032e+00
1.404291434292882723e+00
1.407798430293596414e+00
1.411305426294310106e+00
1.414812422295023797e+00
1.418319418295737488e+00
1.421826414296451180e+00
1.425333410297164871e+00
1.428840406297878562e+00
1.432347402298592254e+00
1.435854398299305945e+00
1.439361394300019859e+00
1.442868390300733550e+00
1.446375386301447241e+00
1.449882382302160932e+00
1.453389378302874624e+00
1.456896374303588315e+00
1.460403370304302229e+00
1.463910366305015920e+00
1.467417362305729611e+00
1.470924358306443303e+00
1.474431354307156994e+00
1.477938350307870685e+00
1.481445346308584377e+00
1.484952342309298068e+00
1.488459338310011759e+00
1.491966334310725451e+00
1.495473330311439364e+00
1.498980326312153055e+00
1.502487322312866747e+00
1.505994318313580438e+00
1.509501314314294129e+00
1.513008310315007821e+00
1.516515306315721512e+00
1.520022302316435425e+00
1.523529298317149117e+00
1.527036294317862808e+00
1.530543290318576499e+00
1.534050286319290191e+00
1.537557282320003882e+00
1.541064278320717573e+00
1.544571274321431265e+00
1.548078270322144956e+00
1.551585266322858647e+00
1.555092262323572561e+00
1.558599258324286252e+00
1.562106254324999943e+00
1.565613250325713635e+00
1.569120246326427326e+00
1.572627242327141017e+00
1.576134238327854709e+00
1.579641234328568622e+00
1.583148230329282313e+00
1.586655226329996005e+00
1.590162222330709696e+00
1.593669218331423387e+00
1.597176214332137079e+00
1.600683210332850770e+00
1.604190206333564461e+00
1.607697202334278153e+00
1.611204198334991844e+00
1.614711194335705757e+00
1.618218190336419449e+00
1.621725186337133140e+00
1.625232182337846831e+00
1.628739178338560523e+00
1.632246174339274214e+00
1.635753170339988127e+00
1.639260166340701819e+00
1.642767162341415510e+00
1.646274158342129201e+00
1.649781154342842893e+00
1.653288150343556584e+00
1.656795146344270275e+00
1.660302142344983967e+00
1.663809138345697658e+00
1.667316134346411349e+00
1.670823130347125041e+00
1.674330126347838954e+00
1.677837122348552645e+00
1.681344118349266337e+00
1.684851114349980028e+00
1.688358110350693719e+00
1.691865106351407411e+00
1.695372102352121324e+00
1.698879098352835015e+00
1.702386094353548707e+00
1.705893090354262398e+00
1.709400086354976089e+00
1.712907082355689781e+00
1.716414078356403472e+00
1.719921074357117163e+00
1.723428070357830855e+00
1.726935066358544546e+00
1.730442062359258237e+00
1.733949058359972151e+00
1.737456054360685842e+00
1.740963050361399533e+00
1.744470046362113225e+00
1.747977042362826916e+00
1.751484038363540607e+00
1.754991034364254521e+00
1.758498030364968212e+00
1.762005026365681903e+00
1.765512022366395595e+00
1.769019018367109286e+00
1.772526014367822977e+00
1.776033010368536669e+00
1.779540006369250360e+00
1.783047002369964051e+00
1.786553998370677743e+00
1.790060994371391656e+00
1.793567990372105347e+00
1.797074986372819039e+00
1.800581982373532730e+00
1.804088978374246421e+00
1.807595974374960113e+00
1.811102970375673804e+00
1.814609966376387717e+00
1.818116962377101409e+00
1.821623958377815100e+00
1.825130954378528791e+00
1.828637950379242483e+00
1.832144946379956174e+00
1.835651942380669865e+00
1.839158938381383557e+00
1.842665934382097248e+00
1.846172930382810939e+00
1.849679926383524853e+00
1.853186922384238544e+00
1.856693918384952235e+00
1.860200914385665927e+00
1.863707910386379618e+00
1.867214906387093309e+00
1.870721902387807223e+00
1.874228898388520914e+00
1.877735894389234605e+00
1.881242890389948297e+00
1.884749886390661988e+00
1.888256882391375679e+00
1.891763878392089371e+00
1.895270874392803062e+00
1.898777870393516753e+00
1.902284866394230445e+00
1.905791862394944136e+00
1.909298858395658050e+00
1.912805854396371741e+00
1.916312850397085432e+00
1.919819846397799123e+00
1.923326842398512815e+00
1.926833838399226506e+00
1.930340834399940420e+00
1.933847830400654111e+00
1.937354826401367802e+00
1.940861822402081494e+00
1.944368818402795185e+00
1.947875814403508876e+00
1.951382810404222568e+00
1.954889806404936259e+00
1.958396802405649950e+00
1.961903798406363642e+00
1.965410794407077333e+00
1.968917790407791246e+00
1.972424786408504938e+00
1.975931782409218629e+00
1.979438778409932320e+00
1.982945774410646012e+00
1.986452770411359703e+00
1.989959766412073616e+00
1.993466762412787308e+00
1.996973758413500999e+00
2.000480754414214690e+00
2.003987750414928382e+00
2.007494746415642073e+00
2.011001742416355764e+00
2.014508738417069456e+00
2.018015734417783147e+00
2.021522730418496838e+00
2.025029726419210530e+00
2.028536722419924221e+00
2.032043718420637912e+00
2.035550714421351604e+00
2.039057710422065739e+00
2.042564706422779430e+00
2.046071702423493122e+00
2.049578698424206813e+00
2.053085694424920504e+00
2.056592690425634196e+00
2.060099686426347887e+00
2.063606682427061578e+00
2.067113678427775270e+00
2.070620674428488961e+00
2.074127670429202652e+00
2.077634666429916344e+00
2.081141662430630035e+00
2.084648658431343726e+00
2.088155654432057418e+00
2.091662650432771109e+00
2.095169646433485244e+00
2.098676642434198936e+00
2.102183638434912627e+00
2.105690634435626318e+00
2.109197630436340010e+00
2.112704626437053701e+00
2.116211622437767392e+00
2.119718618438481084e+00
2.123225614439194775e+00
2.126732610439908466e+00
2.130239606440622158e+00
2.133746602441335849e+00
2.137253598442049540e+00
2.140760594442763232e+00
2.144267590443476923e+00
2.147774586444190614e+00
2.151281582444904306e+00
2.154788578445618441e+00
2.158295574446332132e+00
2.161802570447045824e+00
2.165309566447759515e+00
2.168816562448473206e+00
2.172323558449186898e+00
2.175830554449900589e+00
2.179337550450614280e+00
2.182844546451327972e+00
2.186351542452041663e+00
2.189858538452755354e+00
2.193365534453469046e+00
2.196872530454182737e+00
2.200379526454896428e+00
2.203886522455610120e+00
2.207393518456323811e+00
2.210900514457037502e+00
2.214407510457751638e+00
2.217914506458465329e+00
2.221421502459179020e+00
2.224928498459892712e+00
2.228435494460606403e+00
2.231942490461320094e+00
2.235449486462033786e+00
2.238956482462747477e+00
2.242463478463461168e+00
2.245970474464174860e+00
2.249477470464888551e+00
2.252984466465602242e+00
2.256491462466315934e+00
2.259998458467029625e+00
2.263505454467743316e+00
2.267012450468457008e+00
2.270519446469170699e+00
2.274026442469884834e+00
2.277533438470598526e+00
2.281040434471312217e+00
2.284547430472025908e+00
2.288054426472739600e+00
2.291561422473453291e+00
2.295068418474166982e+00
2.298575414474880674e+00
2.302082410475594365e+00
2.305589406476308056e+00
2.309096402477021748e+00
2.312603398477735439e+00
2.316110394478449130e+00
2.319617390479162822e+00
2.323124386479876513e+00
2.326631382480590204e+00
2.330138378481303896e+00
2.333645374482018031e+00
2.337152370482731722e+00
2.340659366483445414e+00
2.344166362484159105e+00
2.347673358484872796e+00
2.351180354485586488e+00
2.354687350486300179e+00
2.358194346487013870e+00
2.361701342487727562e+00
2.365208338488441253e+00
2.368715334489154944e+00
2.372222330489868636e+00
2.375729326490582327e+00
2.379236322491296018e+00
2.382743318492009710e+00
2.386250314492723401e+00
2.389757310493437537e+00
2.393264306494151228e+00
2.396771302494864919e+00
2.400278298495578611e+00
2.403785294496292302e+00
2.407292290497005993e+00
2.410799286497719685e+00
2.414306282498433376e+00
2.417813278499147067e+00
2.421320274499860759e+00
2.424827270500574450e+00
2.428334266501288141e+00
2.431841262502001833e+00
2.435348258502715524e+00
2.438855254503429215e+00
2.442362250504142906e+00
2.445869246504856598e+00
2.449376242505570733e+00
2.452883238506284425e+00
2.456390234506998116e+00
2.459897230507711807e+00
2.463404226508425499e+00
2.466911222509139190e+00
2.470418218509852881e+00
2.473925214510566573e+00
2.477432210511280264e+00
2.480939206511993955e+00
2.484446202512707647e+00
2.487953198513421338e+00
2.491460194514135029e+00
2.494967190514848721e+00
2.498474186515562412e+00
2.501981182516276103e+00
2.505488178516989795e+00
2.508995174517703930e+00
2.512502170518417621e+00
2.516009166519131313e+00
2.519516162519845004e+00
2.523023158520558695e+00
2.526530154521272387e+00
2.530037150521986078e+00
2.533544146522699769e+00
2.537051142523413461e+00
2.540558138524127152e+00
2.544065134524840843e+00
2.547572130525554535e+00
2.551079126526268226e+00
2.554586122526981917e+00
2.558093118527695609e+00
2.561600114528409300e+00
2.565107110529122991e+00
2.568614106529837127e+00
2.572121102530550818e+00
2.575628098531264509e+00
2.579135094531978201e+00
2.582642090532691892e+00
2.586149086533405583e+00
2.589656082534119275e+00
2.593163078534832966e+00
2.596670074535546657e+00
2.600177070536260349e+00
2.603684066536974040e+00
2.607191062537687731e+00
2.610698058538401423e+00
2.614205054539115114e+00
2.617712050539828805e+00
2.621219046540542497e+00
2.624726042541256188e+00
2.628233038541970323e+00
2.631740034542684015e+00
2.635247030543397706e+00
2.638754026544111397e+00
2.642261022544825089e+00
2.645768018545538780e+00
2.649275014546252471e+00
2.652782010546966163e+00
2.656289006547679854e+00
2.659796002548393545e+00
2.663302998549107237e+00
2.666809994549820928e+00
2.670316990550534619e+00
2.673823986551248311e+00
2.677330982551962002e+00
2.680837978552675693e+00
2.684344974553389829e+00
2.687851970554103520e+00
2.691358966554817211e+00
2.694865962555530903e+00
2.698372958556244594e+00
2.701879954556958285e+00
2.705386950557671977e+00
2.708893946558385668e+00
2.712400942559099359e+00
2.715907938559813051e+00
2.719414934560526742e+00
2.722921930561240433e+00
2.726428926561954125e+00
2.729935922562667816e+00
2.733442918563381507e+00
2.736949914564095199e+00
2.740456910564808890e+00
2.743963906565523025e+00
2.747470902566236717e+00
2.750977898566950408e+00
2.754484894567664099e+00
2.757991890568377791e+00
2.761498886569091482e+00
2.765005882569805173e+00
2.768512878570518865e+00
2.772019874571232556e+00
2.775526870571946247e+00
2.779033866572659939e+00
2.782540862573373630e+00
2.786047858574087321e+00
2.789554854574801013e+00
2.793061850575514704e+00
2.796568846576228395e+00
2.800075842576942087e+00
2.803582838577656222e+00
2.807089834578369913e+00
2.810596830579083605e+00
2.814103826579797296e+00
2.817610822580510987e+00
2.821117818581224679e+00
2.824624814581938370e+00
2.828131810582652061e+00
2.831638806583365753e+00
2.835145802584079444e+00
2.838652798584793135e+00
2.842159794585506827e+00
2.845666790586220518e+00
2.849173786586934209e+00
2.852680782587647901e+00
2.856187778588361592e+00
2.859694774589075283e+00
2.863201770589789419e+00
2.866708766590503110e+00
2.870215762591216802e+00
2.873722758591930493e+00
2.877229754592644184e+00
2.880736750593357876e+00
2.884243746594071567e+00
2.887750742594785258e+00
2.891257738595498950e+00
2.894764734596212641e+00
2.898271730596926332e+00
2.901778726597640023e+00
2.905285722598353715e+00
2.908792718599067406e+00
2.912299714599781097e+00
2.915806710600494789e+00
2.919313706601208924e+00
2.922820702601922616e+00
2.926327698602636307e+00
2.929834694603349998e+00
2.933341690604063690e+00
2.936848686604777381e+00
2.940355682605491072e+00
2.943862678606204764e+00
2.947369674606918455e+00
2.950876670607632146e+00
2.954383666608345838e+00
2.957890662609059529e+00
2.961397658609773220e+00
2.964904654610486912e+00
2.968411650611200603e+00
2.971918646611914294e+00
2.975425642612627986e+00
2.978932638613342121e+00
2.982439634614055812e+00
2.985946630614769504e+00
2.989453626615483195e+00
2.992960622616196886e+00
2.996467618616910578e+00
2.999974614617624269e+00
3.003481610618337960e+00
3.006988606619051652e+00
3.010495602619765343e+00
3.014002598620479034e+00
3.017509594621192726e+00
3.021016590621906417e+00
3.024523586622620108e+00
3.028030582623333800e+00
3.031537578624047491e+00
3.035044574624761182e+00
3.038551570625475318e+00
3.042058566626189009e+00
3.045565562626902700e+00
3.049072558627616392e+00
3.052579554628330083e+00
3.056086550629043774e+00
3.059593546629757466e+00
3.063100542630471157e+00
3.066607538631184848e+00
3.070114534631898540e+00
3.073621530632612231e+00
3.077128526633325922e+00
3.080635522634039614e+00
3.084142518634753305e+00
3.087649514635466996e+00
3.091156510636180688e+00
3.094663506636894379e+00
3.098170502637608514e+00
3.101677498638322206e+00
3.105184494639035897e+00
3.108691490639749588e+00
3.112198486640463280e+00
3.115705482641176971e+00
3.119212478641890662e+00
3.122719474642604354e+00
3.126226470643318045e+00
3.129733466644031736e+00
3.133240462644745428e+00
3.136747458645459119e+00
3.140254454646172810e+00
3.143761450646886502e+00
3.147268446647600193e+00
3.150775442648313884e+00
3.154282438649027576e+00
3.157789434649741711e+00
3.161296430650455402e+00
3.164803426651169094e+00
3.168310422651882785e+00
3.171817418652596476e+00
3.175324414653310168e+00
3.178831410654023859e+00
3.182338406654737550e+00
3.185845402655451242e+00
3.189352398656164933e+00
3.192859394656878624e+00
3.196366390657592316e+00
3.199873386658306007e+00
3.203380382659019698e+00
3.206887378659733390e+00
3.210394374660447081e+00
3.213901370661161216e+00
3.217408366661874908e+00
3.220915362662588599e+00
3.224422358663302290e+00
3.227929354664015982e+00
3.231436350664729673e+00
3.234943346665443364e+00
3.238450342666157056e+00
3.241957338666870747e+00
3.245464334667584438e+00
3.248971330668298130e+00
3.252478326669011821e+00
3.255985322669725512e+00
3.259492318670439204e+00
3.262999314671152895e+00
3.266506310671866586e+00
3.270013306672580278e+00
3.273520302673294413e+00
3.277027298674008104e+00
3.280534294674721796e+00
3.284041290675435487e+00
3.287548286676149178e+00
3.291055282676862870e+00
3.294562278677576561e+00
3.298069274678290252e+00
3.301576270679003944e+00
3.305083266679717635e+00
3.308590262680431326e+00
3.312097258681145018e+00
3.315604254681858709e+00
3.319111250682572400e+00
3.322618246683286092e+00
3.326125242683999783e+00
3.329632238684713474e+00
3.333139234685427610e+00
3.336646230686141301e+00
3.340153226686854993e+00
3.343660222687568684e+00
3.347167218688282375e+00
3.350674214688996067e+00
3.354181210689709758e+00
3.357688206690423449e+00
3.361195202691137141e+00
3.364702198691850832e+00
3.368209194692564523e+00
3.371716190693278214e+00
3.375223186693991906e+00
3.378730182694705597e+00
3.382237178695419288e+00
3.385744174696132980e+00
3.389251170696846671e+00
3.392758166697560807e+00
3.396265162698274498e+00
3.399772158698988189e+00
3.403279154699701881e+00
3.406786150700415572e+00
3.410293146701129263e+00
3.413800142701842955e+00
3.417307138702556646e+00
3.420814134703270337e+00
3.424321130703984029e+00
3.427828126704697720e+00
3.431335122705411411e+00
3.434842118706125103e+00
3.438349114706838794e+00
3.441856110707552485e+00
3.445363106708266177e+00
3.448870102708979868e+00
3.452377098709694003e+00
3.455884094710407695e+00
3.459391090711121386e+00
3.462898086711835077e+00
3.466405082712548769e+00
3.469912078713262460e+00
3.473419074713976151e+00
3.476926070714689843e+00
3.480433066715403534e+00
3.483940062716117225e+00
3.487447058716830917e+00
3.490954054717544608e+00
3.494461050718258299e+00
3.497968046718971991e+00
3.501475042719685682e+00
