3.001514135417575058e-01
3.003017124766577117e-01
3.004520114115579177e-01
3.006023103464581236e-01
3.007526092813583851e-01
3.009029082162585356e-01
3.010532071511587970e-01
3.012035060860590030e-01
3.013538050209592090e-01
3.015041039558594149e-01
3.016544028907596209e-01
3.018047018256598268e-01
3.019550007605600328e-01
3.021052996954602388e-01
3.022555986303604447e-01
3.024058975652607062e-01
3.025561965001609122e-01
3.027064954350611181e-01
3.028567943699613241e-01
3.030070933048615300e-01
3.031573922397617360e-01
3.033076911746619420e-01
3.034579901095621479e-01
3.036082890444623539e-01
3.037585879793625598e-01
3.039088869142627658e-01
3.040591858491630273e-01
3.042094847840632332e-01
3.043597837189634392e-01
3.045100826538636452e-01
3.046603815887638511e-01
3.048106805236640571e-01
3.049609794585642630e-01
3.051112783934644690e-01
3.052615773283646750e-01
3.054118762632648809e-01
3.055621751981650869e-01
3.057124741330653483e-01
3.058627730679655543e-01
3.060130720028657603e-01
3.061633709377659662e-01
3.063136698726661722e-01
3.064639688075663781e-01
3.066142677424665841e-01
3.067645666773667901e-01
3.069148656122669960e-01
3.070651645471672575e-01
3.072154634820674080e-01
3.073657624169676694e-01
3.075160613518678754e-01
3.076663602867680813e-01
3.078166592216682873e-01
3.079669581565684933e-01
3.081172570914686992e-01
3.082675560263689052e-01
3.084178549612691111e-01
3.085681538961693171e-01
3.087184528310695786e-01
3.088687517659697290e-01
3.090190507008699905e-01
3.091693496357701965e-01
3.093196485706704024e-01
3.094699475055706084e-01
3.096202464404708143e-01
3.097705453753710203e-01
3.099208443102712263e-01
3.100711432451714322e-01
3.102214421800716382e-01
3.103717411149718997e-01
3.105220400498721056e-01
3.106723389847723116e-01
3.108226379196725175e-01
3.109729368545727235e-01
3.111232357894729295e-01
3.112735347243731354e-01
3.114238336592733414e-01
3.115741325941735473e-01
3.117244315290737533e-01
3.118747304639739593e-01
3.120250293988742207e-01
3.121753283337744267e-01
3.123256272686746327e-01
3.124759262035748386e-01
3.126262251384750446e-01
3.127765240733752505e-01
3.129268230082754565e-01
3.130771219431756625e-01
3.132274208780758684e-01
3.133777198129760744e-01
3.135280187478762803e-01
3.136783176827765418e-01
3.138286166176767478e-01
3.139789155525769537e-01
3.141292144874771597e-01
3.142795134223773657e-01
3.144298123572775716e-01
3.145801112921777776e-01
3.147304102270779835e-01
3.148807091619781895e-01
3.150310080968784510e-01
3.151813070317786014e-01
3.153316059666788629e-01
3.154819049015790688e-01
3.156322038364792748e-01
3.157825027713794808e-01
3.159328017062796867e-01
3.160831006411798927e-01
3.162333995760800986e-01
3.163836985109803046e-01
3.165339974458805106e-01
3.166842963807807720e-01
3.168345953156809225e-01
3.169848942505811840e-01
3.171351931854813899e-01
3.172854921203815959e-01
3.174357910552818018e-01
3.175860899901820078e-01
3.177363889250822138e-01
3.178866878599824197e-01
3.180369867948826257e-01
3.181872857297828316e-01
3.183375846646830931e-01
3.184878835995832991e-01
3.186381825344835050e-01
3.187884814693837110e-01
3.189387804042839170e-01
3.190890793391841229e-01
3.192393782740843289e-01
3.193896772089845348e-01
3.195399761438847408e-01
3.196902750787849468e-01
3.198405740136851527e-01
3.199908729485854142e-01
3.201411718834856202e-01
3.202914708183858261e-01
3.204417697532860321e-01
3.205920686881862380e-01
3.207423676230864440e-01
3.208926665579866500e-01
3.210429654928868559e-01
3.211932644277870619e-01
3.213435633626872678e-01
3.214938622975874738e-01
3.216441612324877353e-01
3.217944601673879412e-01
3.219447591022881472e-01
3.220950580371883532e-01
3.222453569720885591e-01
3.223956559069887651e-01
3.225459548418889710e-01
3.226962537767891770e-01
3.228465527116893830e-01
3.229968516465895889e-01
3.231471505814897949e-01
3.232974495163900563e-01
3.234477484512902623e-01
3.235980473861904683e-01
3.237483463210906742e-01
3.238986452559908802e-01
3.240489441908910861e-01
3.241992431257912921e-01
3.243495420606914981e-01
3.244998409955917040e-01
3.246501399304919655e-01
3.248004388653921160e-01
3.249507378002923774e-01
3.251010367351925834e-01
3.252513356700927893e-01
3.254016346049929953e-01
3.255519335398932013e-01
3.257022324747934072e-01
3.258525314096936132e-01
3.260028303445938191e-01
3.261531292794940251e-01
3.263034282143942866e-01
3.264537271492944925e-01
3.266040260841946985e-01
3.267543250190949045e-01
3.269046239539951104e-01
3.270549228888953164e-01
3.272052218237955223e-01
3.273555207586957283e-01
3.275058196935959343e-01
3.276561186284961402e-01
3.278064175633963462e-01
3.279567164982966077e-01
3.281070154331968136e-01
3.282573143680970196e-01
3.284076133029972255e-01
3.285579122378974315e-01
3.287082111727976375e-01
3.288585101076978434e-01
3.290088090425980494e-01
3.291591079774982553e-01
3.293094069123984613e-01
3.294597058472986673e-01
3.296100047821989287e-01
3.297603037170991347e-01
3.299106026519993407e-01
3.300609015868995466e-01
3.302112005217997526e-01
3.303614994566999585e-01
3.305117983916001645e-01
3.306620973265003705e-01
3.308123962614005764e-01
3.309626951963007824e-01
3.311129941312009883e-01
3.312632930661012498e-01
3.314135920010014558e-01
3.315638909359016617e-01
3.317141898708018677e-01
3.318644888057020736e-01
3.320147877406022796e-01
3.321650866755024856e-01
3.323153856104026915e-01
3.324656845453028975e-01
3.326159834802031590e-01
3.327662824151033094e-01
3.329165813500035709e-01
3.330668802849037768e-01
3.332171792198039828e-01
3.333674781547041888e-01
3.335177770896043947e-01
3.336680760245046007e-01
3.338183749594048066e-01
3.339686738943050126e-01
3.341189728292052186e-01
3.342692717641054800e-01
3.344195706990056860e-01
3.345698696339058920e-01
3.347201685688060979e-01
3.348704675037063039e-01
3.350207664386065098e-01
3.351710653735067158e-01
3.353213643084069218e-01
3.354716632433071277e-01
3.356219621782073337e-01
3.357722611131075396e-01
3.359225600480078011e-01
3.360728589829080071e-01
3.362231579178082130e-01
3.363734568527084190e-01
3.365237557876086250e-01
3.366740547225088309e-01
3.368243536574090369e-01
3.369746525923092428e-01
3.371249515272094488e-01
3.372752504621096548e-01
3.374255493970098607e-01
3.375758483319101222e-01
3.377261472668103282e-01
3.378764462017105341e-01
3.380267451366107401e-01
3.381770440715109460e-01
3.383273430064111520e-01
3.384776419413113580e-01
3.386279408762115639e-01
3.387782398111117699e-01
3.389285387460119758e-01
3.390788376809121818e-01
3.392291366158124433e-01
3.393794355507126492e-01
3.395297344856128552e-01
3.396800334205130611e-01
3.398303323554132671e-01
3.399806312903134731e-01
3.401309302252136790e-01
3.402812291601138850e-01
3.404315280950140910e-01
3.405818270299143524e-01
3.407321259648145029e-01
3.408824248997147643e-01
3.410327238346149703e-01
3.411830227695151763e-01
3.413333217044153822e-01
3.414836206393155882e-01
3.416339195742157941e-01
3.417842185091160001e-01
3.419345174440162061e-01
3.420848163789164120e-01
3.422351153138166735e-01
3.423854142487168795e-01
3.425357131836170854e-01
3.426860121185172914e-01
3.428363110534174973e-01
3.429866099883177033e-01
3.431369089232179093e-01
3.432872078581181152e-01
3.434375067930183212e-01
3.435878057279185271e-01
3.437381046628187331e-01
3.438884035977189946e-01
3.440387025326192005e-01
3.441890014675194065e-01
3.443393004024196125e-01
3.444895993373198184e-01
3.446398982722200244e-01
3.447901972071202303e-01
3.449404961420204363e-01
3.450907950769206423e-01
3.452410940118208482e-01
3.453913929467210542e-01
3.455416918816213157e-01
3.456919908165215216e-01
3.458422897514217276e-01
3.459925886863219335e-01
3.461428876212221395e-01
3.462931865561223455e-01
3.464434854910225514e-01
3.465937844259227574e-01
3.467440833608229633e-01
3.468943822957231693e-01
3.470446812306233753e-01
3.471949801655236367e-01
3.473452791004238427e-01
3.474955780353240486e-01
3.476458769702242546e-01
3.477961759051244606e-01
3.479464748400246665e-01
3.480967737749248725e-01
3.482470727098250785e-01
3.483973716447252844e-01
3.485476705796255459e-01
3.486979695145256963e-01
3.488482684494259578e-01
3.489985673843261638e-01
3.491488663192263697e-01
3.492991652541265757e-01
3.494494641890267816e-01
3.495997631239269876e-01
3.497500620588271936e-01
3.499003609937273995e-01
3.500506599286276055e-01
3.502009588635278670e-01
3.503512577984280729e-01
3.505015567333282789e-01
3.506518556682284848e-01
3.508021546031286908e-01
3.509524535380288968e-01
3.511027524729291027e-01
3.512530514078293087e-01
3.514033503427295146e-01
3.515536492776297206e-01
3.517039482125299266e-01
3.518542471474301880e-01
3.520045460823303940e-01
3.521548450172306000e-01
3.523051439521308059e-01
3.524554428870310119e-01
3.526057418219312178e-01
3.527560407568314238e-01
3.529063396917316298e-01
3.530566386266318357e-01
3.532069375615320417e-01
3.533572364964322476e-01
3.535075354313325091e-01
3.536578343662327151e-01
3.538081333011329210e-01
3.539584322360331270e-01
3.541087311709333330e-01
3.542590301058335389e-01
3.544093290407337449e-01
3.545596279756339508e-01
3.547099269105341568e-01
3.548602258454343628e-01
3.550105247803345687e-01
3.551608237152348302e-01
3.553111226501350361e-01
3.554614215850352421e-01
3.556117205199354481e-01
3.557620194548356540e-01
3.559123183897358600e-01
3.560626173246360660e-01
3.562129162595362719e-01
3.563632151944364779e-01
3.565135141293366838e-01
3.566638130642368898e-01
3.568141119991371513e-01
3.569644109340373572e-01
3.571147098689375632e-01
3.572650088038377691e-01
3.574153077387379751e-01
3.575656066736381811e-01
3.577159056085383870e-01
3.578662045434385930e-01
3.580165034783387989e-01
3.581668024132390604e-01
3.583171013481392664e-01
3.584674002830394723e-01
3.586176992179396783e-01
3.587679981528398843e-01
3.589182970877400902e-01
3.590685960226402962e-01
3.592188949575405021e-01
3.593691938924407081e-01
3.595194928273409141e-01
3.596697917622411200e-01
3.598200906971413815e-01
3.599703896320415875e-01
3.601206885669417934e-01
3.602709875018419994e-01
3.604212864367422053e-01
3.605715853716424113e-01
3.607218843065426173e-01
3.608721832414428232e-01
3.610224821763430292e-01
3.611727811112432351e-01
3.613230800461434411e-01
3.614733789810437026e-01
3.616236779159439085e-01
3.617739768508441145e-01
3.619242757857443205e-01
3.620745747206445264e-01
3.622248736555447324e-01
3.623751725904449383e-01
3.625254715253451443e-01
3.626757704602453503e-01
3.628260693951456117e-01
3.629763683300457622e-01
3.631266672649460236e-01
3.632769661998462296e-01
3.634272651347464356e-01
3.635775640696466415e-01
3.637278630045468475e-01
3.638781619394470535e-01
3.640284608743472594e-01
3.641787598092474654e-01
3.643290587441476713e-01
3.644793576790479328e-01
3.646296566139480833e-01
3.647799555488483447e-01
3.649302544837485507e-01
3.650805534186487566e-01
3.652308523535489626e-01
3.653811512884491686e-01
3.655314502233493745e-01
3.656817491582495805e-01
3.658320480931497864e-01
3.659823470280499924e-01
3.661326459629502539e-01
3.662829448978504043e-01
3.664332438327506658e-01
3.665835427676508718e-01
3.667338417025510777e-01
3.668841406374512837e-01
3.670344395723514896e-01
3.671847385072516956e-01
3.673350374421519016e-01
3.674853363770521075e-01
3.676356353119523135e-01
3.677859342468525750e-01
3.679362331817527254e-01
3.680865321166529869e-01
3.682368310515531928e-01
3.683871299864533988e-01
3.685374289213536048e-01
3.686877278562538107e-01
3.688380267911540167e-01
3.689883257260542226e-01
3.691386246609544286e-01
3.692889235958546346e-01
3.694392225307548960e-01
3.695895214656551020e-01
3.697398204005553080e-01
3.698901193354555139e-01
3.700404182703557199e-01
3.701907172052559258e-01
3.703410161401561318e-01
3.704913150750563378e-01
3.706416140099565437e-01
3.707919129448568052e-01
3.709422118797569556e-01
3.710925108146572171e-01
3.712428097495574231e-01
3.713931086844576290e-01
3.715434076193578350e-01
3.716937065542580410e-01
3.718440054891582469e-01
3.719943044240584529e-01
3.721446033589586588e-01
3.722949022938588648e-01
3.724452012287591263e-01
3.725955001636592767e-01
3.727457990985595382e-01
3.728960980334597441e-01
3.730463969683599501e-01
3.731966959032601561e-01
3.733469948381603620e-01
3.734972937730605680e-01
3.736475927079607740e-01
3.737978916428609799e-01
3.739481905777611859e-01
3.740984895126614473e-01
3.742487884475615978e-01
3.743990873824618593e-01
3.745493863173620652e-01
3.746996852522622712e-01
3.748499841871624771e-01
3.750002831220626831e-01
3.751505820569628891e-01
3.753008809918630950e-01
3.754511799267633010e-01
3.756014788616635069e-01
3.757517777965637684e-01
3.759020767314639189e-01
3.760523756663641803e-01
3.762026746012643863e-01
3.763529735361645923e-01
3.765032724710647982e-01
3.766535714059650042e-01
3.768038703408652101e-01
3.769541692757654161e-01
3.771044682106656221e-01
3.772547671455658280e-01
3.774050660804660895e-01
3.775553650153662955e-01
3.777056639502665014e-01
3.778559628851667074e-01
3.780062618200669133e-01
3.781565607549671193e-01
3.783068596898673253e-01
3.784571586247675312e-01
3.786074575596677372e-01
3.787577564945679987e-01
3.789080554294681491e-01
3.790583543643684106e-01
3.792086532992686165e-01
3.793589522341688225e-01
3.795092511690690285e-01
3.796595501039692344e-01
3.798098490388694404e-01
3.799601479737696463e-01
3.801104469086698523e-01
3.802607458435700583e-01
3.804110447784703197e-01
3.805613437133704702e-01
3.807116426482707316e-01
3.808619415831709376e-01
3.810122405180711436e-01
3.811625394529713495e-01
3.813128383878715555e-01
3.814631373227717615e-01
3.816134362576719674e-01
3.817637351925721734e-01
3.819140341274723793e-01
3.820643330623726408e-01
3.822146319972727913e-01
3.823649309321730527e-01
3.825152298670732587e-01
3.826655288019734646e-01
3.828158277368736706e-01
3.829661266717738766e-01
3.831164256066740825e-01
3.832667245415742885e-01
3.834170234764744944e-01
3.835673224113747004e-01
3.837176213462749619e-01
3.838679202811751123e-01
3.840182192160753738e-01
3.841685181509755798e-01
3.843188170858757857e-01
3.844691160207759917e-01
3.846194149556761976e-01
3.847697138905764036e-01
3.849200128254766096e-01
3.850703117603768155e-01
3.852206106952770215e-01
3.853709096301772830e-01
3.855212085650774334e-01
3.856715074999776949e-01
3.858218064348779008e-01
3.859721053697781068e-01
3.861224043046783128e-01
3.862727032395785187e-01
3.864230021744787247e-01
3.865733011093789306e-01
3.867236000442791921e-01
3.868738989791793426e-01
3.870241979140796040e-01
3.871744968489798100e-01
3.873247957838800160e-01
3.874750947187802219e-01
3.876253936536804279e-01
3.877756925885806338e-01
3.879259915234808398e-01
3.880762904583810458e-01
3.882265893932812517e-01
3.883768883281815132e-01
3.885271872630816636e-01
3.886774861979819251e-01
3.888277851328821311e-01
3.889780840677823370e-01
3.891283830026825430e-01
3.892786819375827490e-01
3.894289808724829549e-01
3.895792798073831609e-01
3.897295787422833668e-01
3.898798776771835728e-01
3.900301766120838343e-01
3.901804755469839847e-01
3.903307744818842462e-01
3.904810734167844521e-01
3.906313723516846581e-01
3.907816712865848641e-01
3.909319702214850700e-01
3.910822691563852760e-01
3.912325680912854819e-01
3.913828670261856879e-01
3.915331659610858939e-01
3.916834648959861553e-01
3.918337638308863058e-01
3.919840627657865673e-01
3.921343617006867732e-01
3.922846606355869792e-01
3.924349595704871851e-01
3.925852585053873911e-01
3.927355574402875971e-01
3.928858563751878030e-01
3.930361553100880090e-01
3.931864542449882149e-01
3.933367531798884764e-01
3.934870521147886269e-01
3.936373510496888883e-01
3.937876499845890943e-01
3.939379489194893003e-01
3.940882478543895062e-01
3.942385467892897122e-01
3.943888457241899181e-01
3.945391446590901241e-01
3.946894435939903301e-01
3.948397425288905360e-01
3.949900414637907975e-01
3.951403403986910035e-01
3.952906393335912094e-01
3.954409382684914154e-01
3.955912372033916213e-01
3.957415361382918273e-01
3.958918350731920333e-01
3.960421340080922392e-01
3.961924329429924452e-01
3.963427318778927066e-01
3.964930308127928571e-01
3.966433297476931186e-01
3.967936286825933245e-01
3.969439276174935305e-01
3.970942265523937365e-01
3.972445254872939424e-01
3.973948244221941484e-01
3.975451233570943543e-01
3.976954222919945603e-01
3.978457212268947663e-01
3.979960201617950277e-01
3.981463190966951782e-01
3.982966180315954396e-01
3.984469169664956456e-01
3.985972159013958516e-01
3.987475148362960575e-01
3.988978137711962635e-01
3.990481127060964694e-01
3.991984116409966754e-01
3.993487105758968814e-01
3.994990095107970873e-01
3.996493084456973488e-01
3.997996073805974993e-01
3.999499063154977607e-01
4.001002052503979667e-01
4.002505041852981726e-01
4.004008031201983786e-01
4.005511020550985846e-01
4.007014009899987905e-01
4.008516999248989965e-01
4.010019988597992024e-01
4.011522977946994084e-01
4.013025967295996699e-01
4.014528956644998203e-01
4.016031945994000818e-01
4.017534935343002878e-01
4.019037924692004937e-01
4.020540914041006997e-01
4.022043903390009056e-01
4.023546892739011116e-01
4.025049882088013176e-01
4.026552871437015235e-01
4.028055860786017295e-01
4.029558850135019910e-01
4.031061839484021969e-01
4.032564828833024029e-01
4.034067818182026088e-01
4.035570807531028148e-01
4.037073796880030208e-01
4.038576786229032267e-01
4.040079775578034327e-01
4.041582764927036386e-01
4.043085754276039001e-01
4.044588743625040506e-01
4.046091732974043120e-01
4.047594722323045180e-01
4.049097711672047240e-01
4.050600701021049299e-01
4.052103690370051359e-01
4.053606679719053418e-01
4.055109669068055478e-01
4.056612658417057538e-01
4.058115647766059597e-01
4.059618637115062212e-01
4.061121626464063716e-01
4.062624615813066331e-01
4.064127605162068391e-01
4.065630594511070450e-01
4.067133583860072510e-01
4.068636573209074569e-01
4.070139562558076629e-01
4.071642551907078689e-01
4.073145541256080748e-01
4.074648530605082808e-01
4.076151519954085423e-01
4.077654509303086927e-01
4.079157498652089542e-01
4.080660488001091601e-01
4.082163477350093661e-01
4.083666466699095721e-01
4.085169456048097780e-01
4.086672445397099840e-01
4.088175434746101899e-01
4.089678424095103959e-01
4.091181413444106019e-01
4.092684402793108633e-01
4.094187392142110138e-01
4.095690381491112753e-01
4.097193370840114812e-01
4.098696360189116872e-01
4.100199349538118931e-01
4.101702338887120991e-01
4.103205328236123051e-01
4.104708317585125110e-01
4.106211306934127170e-01
4.107714296283129229e-01
4.109217285632131844e-01
4.110720274981133904e-01
4.112223264330135963e-01
4.113726253679138023e-01
4.115229243028140083e-01
4.116732232377142142e-01
4.118235221726144202e-01
4.119738211075146261e-01
4.121241200424148321e-01
4.122744189773150936e-01
4.124247179122152440e-01
4.125750168471155055e-01
4.127253157820157115e-01
4.128756147169159174e-01
4.130259136518161234e-01
4.131762125867163293e-01
4.133265115216165353e-01
4.134768104565167413e-01
4.136271093914169472e-01
4.137774083263171532e-01
4.139277072612174146e-01
4.140780061961175651e-01
4.142283051310178266e-01
4.143786040659180325e-01
4.145289030008182385e-01
4.146792019357184444e-01
4.148295008706186504e-01
4.149797998055188564e-01
4.151300987404190623e-01
4.152803976753192683e-01
4.154306966102194743e-01
4.155809955451197357e-01
4.157312944800198862e-01
4.158815934149201476e-01
4.160318923498203536e-01
4.161821912847205596e-01
4.163324902196207655e-01
4.164827891545209715e-01
4.166330880894211774e-01
4.167833870243213834e-01
4.169336859592215894e-01
4.170839848941217953e-01
4.172342838290220568e-01
4.173845827639222072e-01
4.175348816988224687e-01
4.176851806337226747e-01
4.178354795686228806e-01
4.179857785035230866e-01
4.181360774384232926e-01
4.182863763733234985e-01
4.184366753082237045e-01
4.185869742431239104e-01
4.187372731780241164e-01
4.188875721129243779e-01
4.190378710478245838e-01
4.191881699827247898e-01
4.193384689176249958e-01
4.194887678525252017e-01
4.196390667874254077e-01
4.197893657223256136e-01
4.199396646572258196e-01
4.200899635921260256e-01
4.202402625270262870e-01
4.203905614619264375e-01
4.205408603968266990e-01
4.206911593317269049e-01
4.208414582666271109e-01
4.209917572015273168e-01
4.211420561364275228e-01
4.212923550713277288e-01
4.214426540062279347e-01
4.215929529411281407e-01
4.217432518760283466e-01
4.218935508109286081e-01
4.220438497458287586e-01
4.221941486807290200e-01
4.223444476156292260e-01
4.224947465505294319e-01
4.226450454854296379e-01
4.227953444203298439e-01
4.229456433552300498e-01
4.230959422901302558e-01
4.232462412250304618e-01
4.233965401599306677e-01
4.235468390948309292e-01
4.236971380297310796e-01
4.238474369646313411e-01
4.239977358995315471e-01
4.241480348344317530e-01
4.242983337693319590e-01
4.244486327042321649e-01
4.245989316391323709e-01
4.247492305740325769e-01
4.248995295089327828e-01
4.250498284438329888e-01
4.252001273787332503e-01
4.253504263136334007e-01
4.255007252485336622e-01
4.256510241834338681e-01
4.258013231183340741e-01
4.259516220532342801e-01
4.261019209881344860e-01
4.262522199230346920e-01
4.264025188579348979e-01
4.265528177928351594e-01
4.267031167277353099e-01
4.268534156626355713e-01
4.270037145975357218e-01
4.271540135324359833e-01
4.273043124673361892e-01
4.274546114022363952e-01
4.276049103371366011e-01
4.277552092720368071e-01
4.279055082069370131e-01
4.280558071418372190e-01
4.282061060767374805e-01
4.283564050116376309e-01
4.285067039465378924e-01
4.286570028814380429e-01
4.288073018163383043e-01
4.289576007512385103e-01
4.291078996861387163e-01
4.292581986210389222e-01
4.294084975559391282e-01
4.295587964908393341e-01
4.297090954257395401e-01
4.298593943606398016e-01
4.300096932955399520e-01
4.301599922304402135e-01
4.303102911653403639e-01
4.304605901002406254e-01
4.306108890351408314e-01
4.307611879700410373e-01
4.309114869049412433e-01
4.310617858398414493e-01
4.312120847747417107e-01
4.313623837096418612e-01
4.315126826445421226e-01
4.316629815794422731e-01
4.318132805143425346e-01
4.319635794492426850e-01
4.321138783841429465e-01
4.322641773190431524e-01
4.324144762539433584e-01
4.325647751888435644e-01
4.327150741237437703e-01
4.328653730586440318e-01
4.330156719935441822e-01
4.331659709284444437e-01
4.333162698633445942e-01
4.334665687982448556e-01
4.336168677331450616e-01
4.337671666680452676e-01
4.339174656029454735e-01
4.340677645378456795e-01
4.342180634727458854e-01
4.343683624076460914e-01
4.345186613425463529e-01
4.346689602774465033e-01
4.348192592123467648e-01
4.349695581472469152e-01
4.351198570821471767e-01
4.352701560170473827e-01
4.354204549519475886e-01
4.355707538868477946e-01
4.357210528217480006e-01
4.358713517566482065e-01
4.360216506915484125e-01
4.361719496264486740e-01
4.363222485613488244e-01
4.364725474962490859e-01
4.366228464311492363e-01
4.367731453660494978e-01
4.369234443009497038e-01
4.370737432358499097e-01
4.372240421707501157e-01
4.373743411056503216e-01
4.375246400405505276e-01
4.376749389754507336e-01
4.378252379103509950e-01
4.379755368452511455e-01
4.381258357801514070e-01
4.382761347150515574e-01
4.384264336499518189e-01
4.385767325848520248e-01
4.387270315197522308e-01
4.388773304546524368e-01
4.390276293895526427e-01
4.391779283244529042e-01
4.393282272593530546e-01
4.394785261942533161e-01
4.396288251291534666e-01
4.397791240640537280e-01
4.399294229989538785e-01
4.400797219338541399e-01
4.402300208687543459e-01
4.403803198036545519e-01
4.405306187385547578e-01
4.406809176734549638e-01
4.408312166083552253e-01
4.409815155432553757e-01
4.411318144781556372e-01
4.412821134130557876e-01
4.414324123479560491e-01
4.415827112828562551e-01
4.417330102177564610e-01
4.418833091526566670e-01
4.420336080875568729e-01
4.421839070224570789e-01
4.423342059573572849e-01
4.424845048922575463e-01
4.426348038271576968e-01
4.427851027620579583e-01
4.429354016969581087e-01
4.430857006318583702e-01
4.432359995667585761e-01
4.433862985016587821e-01
4.435365974365589881e-01
4.436868963714591940e-01
4.438371953063594000e-01
4.439874942412596059e-01
4.441377931761598674e-01
4.442880921110600179e-01
4.444383910459602793e-01
4.445886899808604298e-01
4.447389889157606913e-01
4.448892878506608972e-01
4.450395867855611032e-01
4.451898857204613091e-01
4.453401846553615151e-01
4.454904835902617211e-01
4.456407825251619270e-01
4.457910814600621885e-01
4.459413803949623389e-01
4.460916793298626004e-01
4.462419782647627509e-01
4.463922771996630123e-01
4.465425761345632183e-01
4.466928750694634243e-01
4.468431740043636302e-01
4.469934729392638362e-01
4.471437718741640976e-01
4.472940708090642481e-01
4.474443697439645096e-01
4.475946686788646600e-01
4.477449676137649215e-01
4.478952665486650719e-01
4.480455654835653334e-01
4.481958644184655394e-01
4.483461633533657453e-01
4.484964622882659513e-01
4.486467612231661573e-01
4.487970601580664187e-01
4.489473590929665692e-01
4.490976580278668306e-01
4.492479569627669811e-01
4.493982558976672426e-01
4.495485548325674485e-01
4.496988537674676545e-01
4.498491527023678604e-01
