






#mean_0.05_dev_0.1(no z_mean shift)   mean_-0.05_dev_0.1(no z_mean shift)    mean_0.05_dev_0.1	  mean_0.05_dev_0		mean_-0.05_dev_0.1	#mean_-0.05_dev_0	mean_0.03_dev_0.05       mean_-0.03_dev_0.05      comoving_limit_10Mpc       comoving_limit_10Mpc(N(0.05,0.1))  comoving_limit_10Mpc(N(-0.05,0.1))     no_noise (100Mpc)

#gamma_IA

-1.245590274794560089e-02 -3.131961181256776028e-02 -3.338840301031827801e-02 -3.547844734374147081e-03 -2.131746229214952909e-02 -1.224309863187796055e-02 -6.123566413876713709e-03 -1.300735180643585766e-02 -1.256549902821514804e-02 -4.823360389919230662e-01 -2.393659901299245371e-02 -9.722912652671351214e-03
-6.056132060330979457e-03 -1.889653781573245178e-02 -1.921375055541376178e-02 -5.107114390330363789e-03 -1.729539283646466113e-02 -8.564489337327948343e-03 -3.892829986474647189e-03 -8.190483184842290917e-03 -6.110518101372512494e-03 -5.071589963807727336e-02 -2.063693078092604730e-02 -4.240040682377535161e-03
-6.048843504887114683e-03 -2.053721120317529222e-02 -1.550400449680736786e-02 -4.948221960532667336e-03 -1.620512031134103970e-02 -7.385887049372546684e-03 -4.826813480925587659e-03 -7.015492808414634622e-03 -6.950442649493552075e-03 -3.779828591900009915e-02 -2.171817895187445543e-02 -4.022920602258697048e-03
-3.328345319633111993e-03 -1.492859078804433665e-02 -9.679403131027046470e-03 -2.921897155479880829e-03 -1.020906814575470688e-02 -3.633755867482668829e-03 -2.492756980783943262e-03 -4.483283132462267950e-03 -4.277598146860473946e-03 -2.889183896403709623e-02 -1.648213204795010225e-02 -1.921921932504237285e-03
-2.720665724932812279e-03 -1.420228116823059154e-02 -3.099110092484231183e-03 -2.622843473995360567e-04 -7.916770479648036624e-03 -2.470093324340365791e-03 -5.083341424700405821e-04 -2.668444018358725849e-03 -4.584135518230308091e-03 -1.109392247761128471e-02 -1.703181176472376088e-02 -1.500457357238665261e-03
-7.354470408210457295e-04 -6.389624295583277470e-03 -4.221033593482670029e-03 -1.442206078587505123e-03 -4.185506774298186627e-03 -1.070697602941470634e-03 -9.913655041352169902e-04 -1.215978012166310648e-03 -1.155032178310088547e-03 -1.868281597075647713e-02 -1.223862758994683463e-02 -2.902323687718723821e-04
-6.322123889251654539e-04 -4.604984707970529757e-03 -1.773257633964659286e-03 -4.558455765995468329e-04 -2.611619936656460646e-03 -7.137764275547292016e-04 -4.702762258995844065e-04 -7.778916144354822669e-04 -1.552048964467008744e-03 -9.680827602930089024e-03 -1.041318527789335778e-02 -3.088820109119330476e-04
-8.412264182530647090e-04 -5.410419678320768991e-03 -1.044372164539041688e-03 -3.158357321723656921e-04 -1.950215300679787210e-03 -5.697913024923451303e-04 -3.814942862997042303e-04 -5.924532519587648880e-04 -2.905475196776429164e-03 -7.627104709421238769e-03 -1.146952586762087049e-02 -4.579996316498396959e-04
-4.725638923691724341e-04 -3.475731817628831093e-03 -7.703451976279656124e-04 -2.321457456583328298e-04 -1.751974521459720782e-03 -5.141333231238552062e-04 -4.869124786345721241e-04 -5.511873891030769817e-04 -1.919328471774793153e-03 -7.138574403735772206e-03 -1.555583282667964001e-02 -2.460026159844303948e-04
-2.627619855271419642e-04 -1.771620978146978788e-03 -3.049903433172051147e-04 -4.342387786934138257e-05 -1.371708401719033601e-03 -4.536791410482741527e-04 -2.101503110621901513e-04 -4.335363156340144128e-04 -1.239877494312121523e-03 -3.191133982947535509e-03 -1.438228101301483076e-02 -1.421425813170756620e-04

#Boost0

1.568659405359825731e+00 1.568659405359825731e+00 1.307867256837320413e+00 1.307867256837320413e+00 1.683517875446850276e+00 1.683517875446850276e+00 1.411895277729358744e+00 1.655008523594447833e+00 1.568659405359826176e+00 1.307867256837320413e+00 1.683517875446850276e+00 1.568659405359826176e+00
1.356008631034218315e+00 1.356008631034218315e+00 1.206133245736932036e+00 1.206133245736932036e+00 1.410615540500451015e+00 1.410615540500451015e+00 1.270140572593187578e+00 1.397556093008758715e+00 1.356008631034218537e+00 1.206133245736932036e+00 1.410615540500451015e+00 1.356008631034218537e+00
1.206241638834394170e+00 1.206241638834394170e+00 1.132359649545753078e+00 1.132359649545753078e+00 1.227704258190724040e+00 1.227704258190724040e+00 1.166127014667981854e+00 1.223111865427684464e+00 1.206241638834394392e+00 1.132359649545753078e+00 1.227704258190724040e+00 1.206241638834394392e+00
1.114267446156327779e+00 1.114267446156327779e+00 1.078501597517198318e+00 1.078501597517198318e+00 1.122206069987960131e+00 1.122206069987960131e+00 1.096160117096660613e+00 1.120927191273062284e+00 1.114267446156327779e+00 1.078501597517198318e+00 1.122206069987960131e+00 1.114267446156327779e+00
1.063252888216056347e+00 1.063252888216056347e+00 1.049582572363267019e+00 1.049582572363267019e+00 1.064939364564205793e+00 1.064939364564205793e+00 1.057051892360192591e+00 1.065055066374038129e+00 1.063252888216056569e+00 1.049582572363267019e+00 1.064939364564205793e+00 1.063252888216056569e+00
1.039654772058679066e+00 1.039654772058679066e+00 1.033316797053129177e+00 1.033316797053129177e+00 1.039904737434325099e+00 1.039904737434325099e+00 1.037109128071651121e+00 1.040225234350699912e+00 1.039654772058678844e+00 1.033316797053129177e+00 1.039904737434325099e+00 1.039654772058678844e+00
1.025750528337648682e+00 1.025750528337648682e+00 1.022558212527710841e+00 1.022558212527710841e+00 1.025572871568333433e+00 1.025572871568333433e+00 1.024531258695344782e+00 1.025838130842505524e+00 1.025750528337648682e+00 1.022558212527710841e+00 1.025572871568333433e+00 1.025750528337648682e+00
1.016635500963586569e+00 1.016635500963586569e+00 1.014639508782872568e+00 1.014639508782872568e+00 1.016674544141160652e+00 1.016674544141160652e+00 1.015825800468127316e+00 1.016786565236719619e+00 1.016635500963586569e+00 1.014639508782872568e+00 1.016674544141160652e+00 1.016635500963586569e+00
1.009960584611088841e+00 1.009960584611088841e+00 1.009026454976449161e+00 1.009026454976449161e+00 1.010076346944103642e+00 1.010076346944103642e+00 1.009548893192847796e+00 1.010096063526355170e+00 1.009960584611088841e+00 1.009026454976449161e+00 1.010076346944103642e+00 1.009960584611088841e+00
1.006169440474461663e+00 1.006169440474461663e+00 1.005699815993221558e+00 1.005699815993221558e+00 1.006278905428932946e+00 1.006278905428932946e+00 1.005999271923684990e+00 1.006256369404224360e+00 1.006169440474461663e+00 1.005699815993221558e+00 1.006278905428932946e+00 1.006169440474461663e+00

#Boost1

1.100648993384999441e+00 1.100648993384999441e+00 1.258688273045062811e+00 1.258688273045062811e+00 1.031311584160475858e+00 1.031311584160475858e+00 1.180622550412347760e+00 1.053303216892959915e+00 1.100648993384999219e+00 1.258688273045062811e+00 1.031311584160475858e+00 1.100648993384999219e+00
1.047550514270388478e+00 1.047550514270388478e+00 1.137693238162666542e+00 1.137693238162666542e+00 1.006541186412649669e+00 1.006541186412649669e+00 1.094207121542342120e+00 1.017895703383383310e+00 1.047550514270388700e+00 1.137693238162666542e+00 1.006541186412649669e+00 1.047550514270388700e+00
1.025043782005940596e+00 1.025043782005940596e+00 1.070516711994898840e+00 1.070516711994898840e+00 1.002853305006781826e+00 1.002853305006781826e+00 1.047933291488053253e+00 1.008922009647860829e+00 1.025043782005940596e+00 1.070516711994898840e+00 1.002853305006781826e+00 1.025043782005940596e+00
1.013100541000144572e+00 1.013100541000144572e+00 1.038720540117945568e+00 1.038720540117945568e+00 1.001714864815329120e+00 1.001714864815329120e+00 1.026688368863445833e+00 1.004871013559918591e+00 1.013100541000144572e+00 1.038720540117945568e+00 1.001714864815329120e+00 1.013100541000144572e+00
1.010119749334733363e+00 1.010119749334733363e+00 1.022546532635722150e+00 1.022546532635722150e+00 1.003503677762800139e+00 1.003503677762800139e+00 1.016792496302092452e+00 1.005379022146472456e+00 1.010119749334733141e+00 1.022546532635722150e+00 1.003503677762800139e+00 1.010119749334733141e+00
1.008490763820097946e+00 1.008490763820097946e+00 1.015518579590047210e+00 1.015518579590047210e+00 1.005155104405274891e+00 1.005155104405274891e+00 1.012339782931081844e+00 1.006011293344275748e+00 1.008490763820097946e+00 1.015518579590047210e+00 1.005155104405274891e+00 1.008490763820097946e+00
1.007194266113870418e+00 1.007194266113870418e+00 1.011158537352905507e+00 1.011158537352905507e+00 1.005339287846616525e+00 1.005339287846616525e+00 1.009207636084546111e+00 1.005864827046500043e+00 1.007194266113870196e+00 1.011158537352905507e+00 1.005339287846616525e+00 1.007194266113870196e+00
1.007125406724281413e+00 1.007125406724281413e+00 1.009023831681570726e+00 1.009023831681570726e+00 1.006230925860390535e+00 1.006230925860390535e+00 1.008092956727751011e+00 1.006534383723287407e+00 1.007125406724281413e+00 1.009023831681570726e+00 1.006230925860390535e+00 1.007125406724281413e+00
1.006184166322083628e+00 1.006184166322083628e+00 1.006912426491463286e+00 1.006912426491463286e+00 1.005938766064951473e+00 1.005938766064951473e+00 1.006518178940428943e+00 1.006014226657369504e+00 1.006184166322083406e+00 1.006912426491463286e+00 1.005938766064951473e+00 1.006184166322083406e+00
1.004672942023064675e+00 1.004672942023064675e+00 1.005182624418028414e+00 1.005182624418028414e+00 1.004559633610610847e+00 1.004559633610610847e+00 1.004963484806629115e+00 1.004571525930345821e+00 1.004672942023064675e+00 1.005182624418028414e+00 1.004559633610610847e+00 1.004672942023064675e+00

#gammat0

-5.627680411648204161e-04 -5.627680411648204161e-04 2.486276178751716491e-03 2.486276178751716491e-03 -4.216152598751051806e-04 -4.216152598751051806e-04 9.903021897662632293e-04 -5.695981694848292103e-04 -5.627680411648204161e-04 2.486276178751716491e-03 -4.216152598751051806e-04 -5.627680411648204161e-04
1.076113753391918365e-03 1.076113753391918365e-03 8.365684702302165175e-04 8.365684702302165175e-04 1.462219879679821236e-03 1.462219879679821236e-03 1.162816663977222489e-03 1.230370189766869264e-03 1.076113753391918365e-03 8.365684702302165175e-04 1.462219879679821236e-03 1.076113753391918365e-03
8.097866990175741318e-04 8.097866990175741318e-04 6.039020224710295055e-04 6.039020224710295055e-04 9.650918771488526358e-04 9.650918771488526358e-04 7.092140355828587114e-04 8.185049763244871398e-04 8.097866990175741318e-04 6.039020224710295055e-04 9.650918771488526358e-04 8.097866990175741318e-04
6.543828433027958774e-04 6.543828433027958774e-04 4.574406342800493115e-04 4.574406342800493115e-04 8.823252362889516141e-04 8.823252362889516141e-04 6.180576644129757904e-04 7.827393089628895215e-04 6.543828433027958774e-04 4.574406342800493115e-04 8.823252362889516141e-04 6.543828433027958774e-04
3.865176619732255429e-04 3.865176619732255429e-04 4.694162116711042077e-04 4.694162116711042077e-04 5.223593496068236518e-04 5.223593496068236518e-04 5.339234856624337213e-04 4.750161107958792328e-04 3.865176619732255429e-04 4.694162116711042077e-04 5.223593496068236518e-04 3.865176619732255429e-04
2.312811174822478446e-04 2.312811174822478446e-04 9.254021061352135202e-05 9.254021061352135202e-05 2.979564605031576247e-04 2.979564605031576247e-04 1.871214349978536011e-04 2.732863006685869504e-04 2.312811174822478446e-04 9.254021061352135202e-05 2.979564605031576247e-04 2.312811174822478446e-04
9.479843099179852052e-05 9.479843099179852052e-05 1.006761815181025606e-04 1.006761815181025606e-04 1.221527123870598704e-04 1.221527123870598704e-04 1.112214712982244168e-04 1.009337037280647579e-04 9.479843099179852052e-05 1.006761815181025606e-04 1.221527123870598704e-04 9.479843099179852052e-05
4.756609626531186193e-05 4.756609626531186193e-05 3.422530054081354104e-05 3.422530054081354104e-05 5.260807048455139770e-05 5.260807048455139770e-05 6.160360179964722411e-05 5.467420277251826413e-05 4.756609626531186193e-05 3.422530054081354104e-05 5.260807048455139770e-05 4.756609626531186193e-05
3.439094095205643271e-05 3.439094095205643271e-05 2.407397321026271853e-05 2.407397321026271853e-05 3.612637757928427137e-05 3.612637757928427137e-05 2.665780017888802974e-05 3.784588147212038727e-05 3.439094095205643271e-05 2.407397321026271853e-05 3.612637757928427137e-05 3.439094095205643271e-05
1.145255907012162145e-05 1.145255907012162145e-05 2.918240845660483878e-05 2.918240845660483878e-05 3.526077518956262057e-06 3.526077518956262057e-06 2.173634224388474516e-05 8.577936311874205519e-06 1.145255907012162145e-05 2.918240845660483878e-05 3.526077518956262057e-06 1.145255907012162145e-05


#gammat1

7.275016985098396553e-03 7.275016985098396553e-03 4.504117663957558394e-03 4.504117663957558394e-03 9.857675378661249696e-03 9.857675378661249696e-03 4.020091480129514214e-03 8.976528831159277799e-03 7.275016985098396553e-03 4.504117663957558394e-03 9.857675378661249696e-03 7.275016985098396553e-03
3.925589783875396178e-03 3.925589783875396178e-03 2.796080204030390072e-03 2.796080204030390072e-03 6.510835952734859294e-03 6.510835952734859294e-03 2.870330729952822509e-03 5.433608622660950939e-03 3.925589783875396178e-03 2.796080204030390072e-03 6.510835952734859294e-03 3.925589783875396178e-03
2.792042709572947062e-03 2.792042709572947062e-03 2.286918583626153679e-03 2.286918583626153679e-03 3.946971215066915305e-03 3.946971215066915305e-03 2.339097143036305941e-03 3.288445065132220881e-03 2.792042709572947062e-03 2.286918583626153679e-03 3.946971215066915305e-03 2.792042709572947062e-03
1.470924828964358068e-03 1.470924828964358068e-03 1.368706203162233480e-03 1.368706203162233480e-03 1.970859186967832428e-03 1.970859186967832428e-03 1.351415904643801617e-03 1.925359421883104591e-03 1.470924828964358068e-03 1.368706203162233480e-03 1.970859186967832428e-03 1.470924828964358068e-03
9.002365557922187853e-04 9.002365557922187853e-04 6.824804390030873120e-04 6.824804390030873120e-04 1.110019915844624814e-03 1.110019915844624814e-03 7.341811642600709143e-04 1.007584845603819775e-03 9.002365557922187853e-04 6.824804390030873120e-04 1.110019915844624814e-03 9.002365557922187853e-04
3.627788187327655187e-04 3.627788187327655187e-04 4.471504999937299038e-04 4.471504999937299038e-04 5.254240916725017594e-04 5.254240916725017594e-04 4.146548735819449326e-04 4.844525578674071793e-04 3.627788187327655187e-04 4.471504999937299038e-04 5.254240916725017594e-04 3.627788187327655187e-04
1.908098785138701936e-04 1.908098785138701936e-04 2.311239321171091275e-04 2.311239321171091275e-04 2.608916519551384957e-04 2.608916519551384957e-04 2.175097112982186563e-04 2.267256227455465315e-04 1.908098785138701936e-04 2.311239321171091275e-04 2.608916519551384957e-04 1.908098785138701936e-04
1.607856119215560014e-04 1.607856119215560014e-04 1.106140730417749346e-04 1.106140730417749346e-04 1.563178744717009171e-04 1.563178744717009171e-04 1.395332936676843885e-04 1.452967747076732558e-04 1.607856119215560014e-04 1.106140730417749346e-04 1.563178744717009171e-04 1.607856119215560014e-04
9.564572977193001619e-05 9.564572977193001619e-05 7.864529743768509441e-05 7.864529743768509441e-05 1.260318329661908141e-04 1.260318329661908141e-04 1.145352173619751938e-04 1.191051190721446873e-04 9.564572977193001619e-05 7.864529743768509441e-05 1.260318329661908141e-04 9.564572977193001619e-05
4.421748874435975563e-05 4.421748874435975563e-05 4.716974578582646825e-05 4.716974578582646825e-05 8.088179450853978311e-05 8.088179450853978311e-05 6.084737740865448771e-05 7.193163534068559265e-05 4.421748874435975563e-05 4.716974578582646825e-05 8.088179450853978311e-05 4.421748874435975563e-05

#Sigma_c0

2.111740954724122275e+03 1.024529434033740927e+03 1.696074625002699804e+03 3.048868149286457992e+03 1.198403342573773216e+03 1.915710935899291826e+03 2.515897505579884182e+03 1.880549400993444806e+03 2.659487343993137074e+03 1.693006847961948779e+03 1.201655664919156834e+03 2.659487343993137074e+03

#Sigma_c1

1.954794232907186142e+03 1.817522199026951057e+03 2.038582590717356425e+03 2.309910244096086444e+03 1.824277697891280923e+03 1.861184564413441421e+03 2.152252526110339659e+03 1.920759784440256908e+03 2.115282783624996227e+03 2.035037876269698700e+03 1.830102450109038045e+03 2.115282783624996227e+03

#F0

1.341365465052880290e-01 1.423878845001946558e-01 1.442028373885841097e-01 1.738506653221291998e-01 1.429093280177603231e-01 1.762598692648912058e-01 1.668887979780780406e-01 1.673623203210215515e-01 1.807118669460478985e-02 1.445145209779440283e-02 1.438920989094963354e-02 1.787392418934411753e-01

#F1

2.570299760624042071e-02 5.775339130360823692e-02 4.448174273417054153e-02 3.256998480736027213e-02 3.616938799161813906e-02 1.304705830749320478e-02 2.850192169631872441e-02 1.886591754229812248e-02 1.754585007263567264e-03 4.408154984643832680e-03 3.548435951345858385e-03 1.802891110011190651e-02













