1.507602317299776007e-01
1.515117254190311291e-01
1.522632191080846298e-01
1.530147127971381582e-01
1.537662064861916866e-01
1.545177001752452151e-01
1.552691938642987157e-01
1.560206875533522441e-01
1.567721812424057726e-01
1.575236749314593010e-01
1.582751686205128294e-01
1.590266623095663301e-01
1.597781559986198585e-01
1.605296496876733869e-01
1.612811433767269154e-01
1.620326370657804160e-01
1.627841307548339445e-01
1.635356244438874729e-01
1.642871181329410013e-01
1.650386118219945297e-01
1.657901055110480304e-01
1.665415992001015588e-01
1.672930928891550872e-01
1.680445865782085879e-01
1.687960802672621163e-01
1.695475739563156448e-01
1.702990676453691732e-01
1.710505613344227016e-01
1.718020550234762023e-01
1.725535487125297307e-01
1.733050424015832591e-01
1.740565360906367876e-01
1.748080297796902882e-01
1.755595234687438166e-01
1.763110171577973451e-01
1.770625108468508735e-01
1.778140045359044019e-01
1.785654982249579026e-01
1.793169919140114310e-01
1.800684856030649594e-01
1.808199792921184879e-01
1.815714729811719885e-01
1.823229666702255169e-01
1.830744603592790454e-01
1.838259540483325738e-01
1.845774477373861022e-01
1.853289414264396029e-01
1.860804351154931313e-01
1.868319288045466597e-01
1.875834224936001882e-01
1.883349161826536888e-01
1.890864098717072173e-01
1.898379035607607457e-01
1.905893972498142741e-01
1.913408909388678025e-01
1.920923846279213032e-01
1.928438783169748316e-01
1.935953720060283600e-01
1.943468656950818885e-01
1.950983593841353891e-01
1.958498530731889176e-01
1.966013467622424460e-01
1.973528404512959744e-01
1.981043341403495028e-01
1.988558278294030035e-01
1.996073215184565319e-01
2.003588152075100604e-01
2.011103088965635610e-01
2.018618025856170894e-01
2.026132962746706179e-01
2.033647899637241463e-01
2.041162836527776747e-01
2.048677773418312031e-01
2.056192710308847038e-01
2.063707647199382322e-01
2.071222584089917607e-01
2.078737520980452613e-01
2.086252457870987898e-01
2.093767394761523182e-01
2.101282331652058466e-01
2.108797268542593750e-01
2.116312205433129034e-01
2.123827142323664041e-01
2.131342079214199325e-01
2.138857016104734332e-01
2.146371952995269616e-01
2.153886889885804901e-01
2.161401826776340185e-01
2.168916763666875469e-01
2.176431700557410753e-01
2.183946637447946038e-01
2.191461574338481044e-01
2.198976511229016328e-01
2.206491448119551335e-01
2.214006385010086619e-01
2.221521321900621904e-01
2.229036258791157188e-01
2.236551195681692472e-01
2.244066132572227756e-01
2.251581069462763041e-01
2.259096006353298047e-01
2.266610943243833332e-01
2.274125880134368338e-01
2.281640817024903622e-01
2.289155753915438907e-01
2.296670690805974191e-01
2.304185627696509475e-01
2.311700564587044759e-01
2.319215501477580044e-01
2.326730438368115050e-01
2.334245375258650335e-01
2.341760312149185341e-01
2.349275249039720626e-01
2.356790185930255910e-01
2.364305122820791194e-01
2.371820059711326478e-01
2.379334996601861762e-01
2.386849933492397047e-01
2.394364870382932053e-01
2.401879807273467338e-01
2.409394744164002344e-01
2.416909681054537629e-01
2.424424617945072913e-01
2.431939554835608197e-01
2.439454491726143481e-01
2.446969428616678766e-01
2.454484365507213772e-01
2.461999302397749056e-01
2.469514239288284341e-01
2.477029176178819347e-01
2.484544113069354632e-01
2.492059049959889916e-01
2.499573986850425200e-01
2.507088923740960484e-01
2.514603860631495769e-01
2.522118797522030498e-01
2.529633734412566337e-01
2.537148671303101066e-01
2.544663608193636350e-01
2.552178545084171635e-01
2.559693481974706919e-01
2.567208418865242203e-01
2.574723355755777487e-01
2.582238292646312772e-01
2.589753229536847501e-01
2.597268166427383340e-01
2.604783103317918069e-01
2.612298040208453354e-01
2.619812977098988638e-01
2.627327913989523922e-01
2.634842850880059206e-01
2.642357787770594491e-01
2.649872724661129775e-01
2.657387661551664504e-01
2.664902598442200343e-01
2.672417535332735072e-01
2.679932472223270357e-01
2.687447409113805641e-01
2.694962346004340925e-01
2.702477282894876209e-01
2.709992219785411494e-01
2.717507156675946778e-01
2.725022093566481507e-01
2.732537030457017346e-01
2.740051967347552075e-01
2.747566904238087360e-01
2.755081841128622644e-01
2.762596778019157928e-01
2.770111714909693212e-01
2.777626651800227942e-01
2.785141588690763781e-01
2.792656525581298510e-01
2.800171462471834349e-01
2.807686399362369079e-01
2.815201336252904363e-01
2.822716273143439647e-01
2.830231210033974931e-01
2.837746146924510215e-01
2.845261083815044945e-01
2.852776020705580784e-01
2.860290957596115513e-01
2.867805894486651352e-01
2.875320831377186082e-01
2.882835768267721366e-01
2.890350705158256650e-01
2.897865642048791934e-01
2.905380578939327219e-01
2.912895515829861948e-01
2.920410452720397787e-01
2.927925389610932516e-01
2.935440326501468356e-01
2.942955263392003085e-01
2.950470200282538369e-01
2.957985137173073653e-01
2.965500074063608937e-01
2.973015010954144222e-01
2.980529947844678951e-01
2.988044884735214790e-01
2.995559821625749519e-01
3.003074758516285359e-01
3.010589695406820088e-01
3.018104632297355372e-01
3.025619569187890656e-01
3.033134506078425940e-01
3.040649442968961225e-01
3.048164379859495954e-01
3.055679316750031793e-01
3.063194253640566522e-01
3.070709190531102362e-01
3.078224127421637091e-01
3.085739064312172375e-01
3.093254001202707659e-01
3.100768938093242943e-01
3.108283874983778228e-01
3.115798811874312957e-01
3.123313748764848796e-01
3.130828685655383525e-01
3.138343622545919365e-01
3.145858559436454094e-01
3.153373496326989378e-01
3.160888433217524662e-01
3.168403370108059947e-01
3.175918306998595231e-01
3.183433243889129960e-01
3.190948180779665799e-01
3.198463117670200528e-01
3.205978054560736368e-01
3.213492991451271097e-01
3.221007928341806381e-01
3.228522865232341665e-01
3.236037802122876950e-01
3.243552739013412234e-01
3.251067675903946963e-01
3.258582612794482802e-01
3.266097549685017531e-01
3.273612486575553371e-01
3.281127423466088100e-01
3.288642360356623384e-01
3.296157297247158668e-01
3.303672234137693953e-01
3.311187171028229237e-01
3.318702107918763966e-01
3.326217044809299805e-01
3.333731981699834535e-01
3.341246918590369819e-01
3.348761855480905103e-01
3.356276792371440387e-01
3.363791729261975672e-01
3.371306666152510956e-01
3.378821603043046240e-01
3.386336539933580969e-01
3.393851476824116808e-01
3.401366413714651538e-01
3.408881350605186822e-01
3.416396287495722106e-01
3.423911224386257390e-01
3.431426161276792675e-01
3.438941098167327959e-01
3.446456035057863243e-01
3.453970971948397972e-01
3.461485908838933812e-01
3.469000845729468541e-01
3.476515782620003825e-01
3.484030719510539109e-01
3.491545656401074393e-01
3.499060593291609678e-01
3.506575530182144962e-01
3.514090467072680246e-01
3.521605403963214975e-01
3.529120340853750815e-01
3.536635277744285544e-01
3.544150214634820828e-01
3.551665151525356112e-01
3.559180088415891396e-01
3.566695025306426681e-01
3.574209962196961410e-01
3.581724899087497249e-01
3.589239835978031978e-01
3.596754772868567818e-01
3.604269709759102547e-01
3.611784646649637831e-01
3.619299583540173115e-01
3.626814520430708400e-01
3.634329457321243684e-01
3.641844394211778413e-01
3.649359331102314252e-01
3.656874267992848981e-01
3.664389204883384821e-01
3.671904141773919550e-01
3.679419078664454834e-01
3.686934015554990118e-01
3.694448952445525403e-01
3.701963889336060687e-01
3.709478826226595416e-01
3.716993763117131255e-01
3.724508700007665984e-01
3.732023636898201824e-01
3.739538573788736553e-01
3.747053510679271837e-01
3.754568447569807121e-01
3.762083384460342406e-01
3.769598321350877690e-01
3.777113258241412419e-01
3.784628195131948258e-01
3.792143132022482988e-01
3.799658068913018827e-01
3.807173005803553556e-01
3.814687942694088840e-01
3.822202879584624124e-01
3.829717816475159409e-01
3.837232753365694693e-01
3.844747690256229422e-01
3.852262627146765261e-01
3.859777564037299991e-01
3.867292500927835830e-01
3.874807437818370559e-01
3.882322374708905843e-01
3.889837311599441128e-01
3.897352248489976412e-01
3.904867185380511696e-01
3.912382122271046425e-01
3.919897059161582265e-01
3.927411996052116994e-01
3.934926932942652833e-01
3.942441869833187562e-01
3.949956806723722846e-01
3.957471743614258131e-01
3.964986680504793415e-01
3.972501617395328699e-01
3.980016554285863428e-01
3.987531491176399268e-01
3.995046428066933997e-01
4.002561364957469281e-01
4.010076301848004565e-01
4.017591238738539849e-01
4.025106175629075134e-01
4.032621112519610418e-01
4.040136049410145702e-01
4.047650986300680986e-01
4.055165923191215716e-01
4.062680860081751000e-01
4.070195796972286284e-01
4.077710733862821568e-01
4.085225670753356852e-01
4.092740607643892137e-01
4.100255544534427421e-01
4.107770481424962705e-01
4.115285418315497989e-01
4.122800355206032719e-01
4.130315292096568003e-01
4.137830228987103287e-01
4.145345165877638571e-01
4.152860102768173856e-01
4.160375039658709140e-01
4.167889976549244424e-01
4.175404913439779708e-01
4.182919850330314993e-01
4.190434787220849722e-01
4.197949724111385006e-01
4.205464661001920290e-01
4.212979597892455574e-01
4.220494534782990859e-01
4.228009471673526143e-01
4.235524408564061427e-01
4.243039345454596711e-01
4.250554282345131996e-01
4.258069219235666725e-01
4.265584156126202009e-01
4.273099093016737293e-01
4.280614029907272577e-01
4.288128966797807862e-01
4.295643903688343146e-01
4.303158840578878430e-01
4.310673777469413714e-01
4.318188714359948999e-01
4.325703651250483728e-01
4.333218588141019012e-01
4.340733525031554296e-01
4.348248461922089581e-01
4.355763398812624865e-01
4.363278335703160149e-01
4.370793272593695433e-01
4.378308209484230717e-01
4.385823146374765447e-01
4.393338083265300731e-01
4.400853020155836015e-01
4.408367957046371299e-01
4.415882893936906584e-01
4.423397830827441868e-01
4.430912767717977152e-01
4.438427704608512436e-01
4.445942641499047721e-01
4.453457578389582450e-01
4.460972515280117734e-01
4.468487452170653018e-01
4.476002389061188302e-01
4.483517325951723587e-01
4.491032262842258871e-01
4.498547199732794155e-01
4.506062136623329439e-01
4.513577073513864724e-01
4.521092010404399453e-01
4.528606947294934737e-01
4.536121884185470021e-01
4.543636821076005305e-01
4.551151757966540590e-01
4.558666694857075874e-01
4.566181631747611158e-01
4.573696568638146442e-01
4.581211505528681727e-01
4.588726442419216456e-01
4.596241379309751740e-01
4.603756316200287024e-01
4.611271253090822309e-01
4.618786189981357593e-01
4.626301126871892877e-01
4.633816063762428161e-01
4.641331000652963445e-01
4.648845937543498730e-01
4.656360874434033459e-01
4.663875811324568743e-01
4.671390748215104027e-01
4.678905685105639312e-01
4.686420621996174596e-01
4.693935558886709880e-01
4.701450495777245164e-01
4.708965432667780449e-01
4.716480369558315733e-01
4.723995306448850462e-01
4.731510243339385746e-01
4.739025180229921030e-01
4.746540117120456315e-01
4.754055054010991599e-01
4.761569990901526883e-01
4.769084927792062167e-01
4.776599864682597452e-01
4.784114801573132181e-01
4.791629738463667465e-01
4.799144675354202749e-01
4.806659612244738033e-01
4.814174549135273318e-01
4.821689486025808602e-01
4.829204422916343886e-01
4.836719359806879170e-01
4.844234296697414455e-01
4.851749233587949184e-01
4.859264170478484468e-01
4.866779107369019752e-01
4.874294044259555037e-01
4.881808981150090321e-01
4.889323918040625605e-01
4.896838854931160889e-01
4.904353791821696174e-01
4.911868728712231458e-01
4.919383665602766187e-01
4.926898602493301471e-01
4.934413539383836755e-01
4.941928476274372040e-01
4.949443413164907324e-01
4.956958350055442608e-01
4.964473286945977892e-01
4.971988223836513177e-01
4.979503160727048461e-01
4.987018097617583190e-01
4.994533034508118474e-01
5.002047971398653203e-01
5.009562908289189043e-01
5.017077845179724882e-01
5.024592782070259611e-01
5.032107718960794340e-01
5.039622655851330180e-01
5.047137592741866019e-01
5.054652529632399638e-01
5.062167466522935477e-01
5.069682403413471317e-01
5.077197340304006046e-01
5.084712277194540775e-01
5.092227214085076614e-01
5.099742150975612454e-01
5.107257087866147183e-01
5.114772024756681912e-01
5.122286961647217751e-01
5.129801898537752480e-01
5.137316835428287209e-01
5.144831772318823049e-01
5.152346709209358888e-01
5.159861646099893617e-01
5.167376582990428346e-01
5.174891519880964186e-01
5.182406456771498915e-01
5.189921393662033644e-01
5.197436330552569483e-01
5.204951267443105323e-01
5.212466204333640052e-01
5.219981141224174781e-01
5.227496078114710620e-01
5.235011015005246460e-01
5.242525951895781189e-01
5.250040888786315918e-01
5.257555825676851757e-01
5.265070762567386486e-01
5.272585699457921216e-01
5.280100636348457055e-01
5.287615573238992894e-01
5.295130510129527623e-01
5.302645447020062353e-01
5.310160383910598192e-01
5.317675320801132921e-01
5.325190257691667650e-01
5.332705194582203490e-01
5.340220131472739329e-01
5.347735068363274058e-01
5.355250005253808787e-01
5.362764942144344626e-01
5.370279879034880466e-01
5.377794815925415195e-01
5.385309752815949924e-01
5.392824689706485763e-01
5.400339626597020493e-01
5.407854563487555222e-01
5.415369500378091061e-01
5.422884437268626900e-01
5.430399374159161630e-01
5.437914311049696359e-01
5.445429247940232198e-01
5.452944184830766927e-01
5.460459121721301656e-01
5.467974058611837496e-01
5.475488995502373335e-01
5.483003932392908064e-01
5.490518869283442793e-01
5.498033806173978633e-01
5.505548743064514472e-01
5.513063679955049201e-01
5.520578616845583930e-01
5.528093553736119770e-01
5.535608490626654499e-01
5.543123427517189228e-01
5.550638364407725067e-01
5.558153301298260907e-01
5.565668238188795636e-01
5.573183175079330365e-01
5.580698111969866204e-01
5.588213048860400933e-01
5.595727985750935662e-01
5.603242922641471502e-01
5.610757859532007341e-01
5.618272796422542070e-01
5.625787733313076799e-01
5.633302670203612639e-01
5.640817607094148478e-01
5.648332543984682097e-01
5.655847480875217936e-01
5.663362417765753776e-01
5.670877354656288505e-01
5.678392291546823234e-01
5.685907228437359073e-01
5.693422165327894913e-01
5.700937102218429642e-01
5.708452039108964371e-01
5.715966975999500210e-01
5.723481912890034939e-01
5.730996849780569669e-01
5.738511786671105508e-01
5.746026723561641347e-01
5.753541660452176076e-01
5.761056597342710806e-01
5.768571534233246645e-01
5.776086471123782484e-01
5.783601408014316103e-01
5.791116344904851942e-01
5.798631281795387782e-01
5.806146218685922511e-01
5.813661155576457240e-01
5.821176092466993079e-01
5.828691029357528919e-01
5.836205966248063648e-01
5.843720903138598377e-01
5.851235840029134216e-01
5.858750776919668946e-01
5.866265713810203675e-01
5.873780650700739514e-01
5.881295587591275353e-01
5.888810524481810083e-01
5.896325461372344812e-01
5.903840398262880651e-01
5.911355335153416490e-01
5.918870272043950109e-01
5.926385208934485949e-01
5.933900145825021788e-01
5.941415082715556517e-01
5.948930019606091246e-01
5.956444956496627086e-01
5.963959893387162925e-01
5.971474830277697654e-01
5.978989767168232383e-01
5.986504704058768223e-01
5.994019640949302952e-01
6.001534577839837681e-01
6.009049514730373520e-01
6.016564451620909360e-01
6.024079388511444089e-01
6.031594325401978818e-01
6.039109262292514657e-01
6.046624199183049386e-01
6.054139136073584115e-01
6.061654072964119955e-01
6.069169009854655794e-01
6.076683946745190523e-01
6.084198883635725252e-01
6.091713820526261092e-01
6.099228757416796931e-01
6.106743694307331660e-01
6.114258631197866389e-01
6.121773568088402229e-01
6.129288504978936958e-01
6.136803441869471687e-01
6.144318378760007526e-01
6.151833315650543366e-01
6.159348252541078095e-01
6.166863189431612824e-01
6.174378126322148663e-01
6.181893063212683392e-01
6.189408000103218122e-01
6.196922936993753961e-01
6.204437873884289800e-01
6.211952810774824529e-01
6.219467747665359258e-01
6.226982684555895098e-01
6.234497621446430937e-01
6.242012558336965666e-01
6.249527495227500395e-01
6.257042432118036235e-01
6.264557369008570964e-01
6.272072305899105693e-01
6.279587242789641532e-01
6.287102179680177372e-01
6.294617116570712101e-01
6.302132053461246830e-01
6.309646990351782669e-01
6.317161927242317399e-01
6.324676864132852128e-01
6.332191801023387967e-01
6.339706737913923806e-01
6.347221674804458535e-01
6.354736611694993265e-01
6.362251548585529104e-01
6.369766485476064943e-01
6.377281422366598562e-01
6.384796359257134402e-01
6.392311296147670241e-01
6.399826233038204970e-01
6.407341169928739699e-01
6.414856106819275539e-01
6.422371043709811378e-01
6.429885980600346107e-01
6.437400917490880836e-01
6.444915854381416676e-01
6.452430791271951405e-01
6.459945728162486134e-01
6.467460665053021973e-01
6.474975601943557812e-01
6.482490538834092542e-01
6.490005475724627271e-01
6.497520412615163110e-01
6.505035349505697839e-01
6.512550286396233679e-01
6.520065223286768408e-01
6.527580160177304247e-01
6.535095097067838976e-01
6.542610033958373705e-01
6.550124970848909545e-01
6.557639907739444274e-01
6.565154844629980113e-01
6.572669781520514842e-01
6.580184718411050682e-01
6.587699655301585411e-01
6.595214592192121250e-01
6.602729529082655979e-01
6.610244465973190708e-01
6.617759402863726548e-01
6.625274339754261277e-01
6.632789276644797116e-01
6.640304213535331845e-01
6.647819150425867685e-01
6.655334087316402414e-01
6.662849024206938253e-01
6.670363961097472982e-01
6.677878897988007711e-01
6.685393834878543551e-01
6.692908771769078280e-01
6.700423708659614119e-01
6.707938645550148848e-01
6.715453582440684688e-01
6.722968519331219417e-01
6.730483456221755256e-01
6.737998393112289985e-01
6.745513330002824715e-01
6.753028266893360554e-01
6.760543203783895283e-01
6.768058140674431122e-01
6.775573077564965851e-01
6.783088014455501691e-01
6.790602951346036420e-01
6.798117888236572259e-01
6.805632825127106988e-01
6.813147762017641718e-01
6.820662698908177557e-01
6.828177635798712286e-01
6.835692572689248125e-01
6.843207509579782855e-01
6.850722446470318694e-01
6.858237383360853423e-01
6.865752320251389262e-01
6.873267257141923992e-01
6.880782194032458721e-01
6.888297130922994560e-01
6.895812067813529289e-01
6.903327004704065128e-01
6.910841941594599858e-01
6.918356878485135697e-01
6.925871815375670426e-01
6.933386752266206265e-01
6.940901689156740995e-01
6.948416626047275724e-01
6.955931562937811563e-01
6.963446499828346292e-01
6.970961436718882132e-01
6.978476373609416861e-01
6.985991310499952700e-01
6.993506247390487429e-01
7.001021184281023269e-01
7.008536121171557998e-01
7.016051058062092727e-01
7.023565994952628566e-01
7.031080931843163295e-01
7.038595868733699135e-01
7.046110805624233864e-01
7.053625742514769703e-01
7.061140679405304432e-01
7.068655616295840272e-01
7.076170553186375001e-01
7.083685490076909730e-01
7.091200426967445569e-01
7.098715363857980298e-01
7.106230300748516138e-01
7.113745237639050867e-01
7.121260174529586706e-01
7.128775111420121435e-01
7.136290048310657275e-01
7.143804985201192004e-01
7.151319922091726733e-01
7.158834858982262572e-01
7.166349795872797301e-01
7.173864732763333141e-01
7.181379669653867870e-01
7.188894606544403709e-01
7.196409543434938438e-01
7.203924480325474278e-01
7.211439417216009007e-01
7.218954354106543736e-01
7.226469290997079575e-01
7.233984227887614304e-01
7.241499164778150144e-01
7.249014101668684873e-01
7.256529038559220712e-01
7.264043975449755441e-01
7.271558912340290171e-01
7.279073849230826010e-01
7.286588786121360739e-01
7.294103723011896578e-01
7.301618659902431308e-01
7.309133596792967147e-01
7.316648533683501876e-01
7.324163470574037715e-01
7.331678407464572444e-01
7.339193344355107174e-01
7.346708281245643013e-01
7.354223218136177742e-01
7.361738155026713581e-01
7.369253091917248311e-01
7.376768028807784150e-01
7.384282965698318879e-01
7.391797902588854718e-01
7.399312839479389448e-01
7.406827776369924177e-01
7.414342713260460016e-01
7.421857650150994745e-01
7.429372587041530585e-01
7.436887523932065314e-01
7.444402460822601153e-01
7.451917397713135882e-01
7.459432334603671721e-01
7.466947271494206451e-01
7.474462208384741180e-01
7.481977145275277019e-01
7.489492082165811748e-01
7.497007019056347588e-01
7.504521955946882317e-01
7.512036892837418156e-01
7.519551829727952885e-01
7.527066766618488725e-01
7.534581703509023454e-01
7.542096640399558183e-01
7.549611577290094022e-01
7.557126514180628751e-01
7.564641451071164591e-01
7.572156387961699320e-01
7.579671324852235159e-01
7.587186261742769888e-01
7.594701198633305728e-01
7.602216135523840457e-01
7.609731072414375186e-01
7.617246009304911025e-01
7.624760946195445754e-01
7.632275883085981594e-01
7.639790819976516323e-01
7.647305756867052162e-01
7.654820693757586891e-01
7.662335630648122731e-01
7.669850567538657460e-01
7.677365504429192189e-01
7.684880441319728028e-01
7.692395378210262757e-01
7.699910315100798597e-01
7.707425251991333326e-01
7.714940188881869165e-01
7.722455125772403894e-01
7.729970062662939734e-01
7.737484999553474463e-01
7.744999936444009192e-01
7.752514873334545031e-01
7.760029810225079760e-01
7.767544747115615600e-01
7.775059684006150329e-01
7.782574620896686168e-01
7.790089557787220897e-01
7.797604494677756737e-01
7.805119431568291466e-01
7.812634368458826195e-01
7.820149305349362034e-01
7.827664242239896764e-01
7.835179179130432603e-01
7.842694116020967332e-01
7.850209052911503171e-01
7.857723989802037901e-01
7.865238926692573740e-01
7.872753863583108469e-01
7.880268800473643198e-01
7.887783737364179037e-01
7.895298674254713767e-01
7.902813611145249606e-01
7.910328548035784335e-01
7.917843484926320174e-01
7.925358421816854904e-01
7.932873358707390743e-01
7.940388295597925472e-01
7.947903232488460201e-01
7.955418169378996041e-01
7.962933106269530770e-01
7.970448043160066609e-01
7.977962980050601338e-01
7.985477916941137178e-01
7.992992853831671907e-01
8.000507790722207746e-01
8.008022727612742475e-01
8.015537664503277204e-01
8.023052601393813044e-01
8.030567538284347773e-01
8.038082475174883612e-01
8.045597412065418341e-01
8.053112348955954181e-01
8.060627285846488910e-01
8.068142222737023639e-01
8.075657159627559478e-01
8.083172096518094207e-01
8.090687033408630047e-01
8.098201970299164776e-01
8.105716907189700615e-01
8.113231844080235344e-01
8.120746780970771184e-01
8.128261717861305913e-01
8.135776654751840642e-01
8.143291591642376481e-01
8.150806528532911210e-01
8.158321465423447050e-01
8.165836402313981779e-01
8.173351339204517618e-01
8.180866276095052347e-01
8.188381212985588187e-01
8.195896149876122916e-01
8.203411086766657645e-01
8.210926023657193484e-01
8.218440960547728213e-01
8.225955897438264053e-01
8.233470834328798782e-01
8.240985771219334621e-01
8.248500708109869350e-01
8.256015645000405190e-01
8.263530581890939919e-01
8.271045518781474648e-01
8.278560455672010487e-01
8.286075392562545217e-01
8.293590329453081056e-01
8.301105266343615785e-01
8.308620203234151624e-01
8.316135140124686354e-01
8.323650077015222193e-01
8.331165013905756922e-01
8.338679950796291651e-01
8.346194887686827490e-01
8.353709824577362220e-01
8.361224761467898059e-01
8.368739698358432788e-01
8.376254635248968627e-01
8.383769572139503357e-01
8.391284509030039196e-01
8.398799445920573925e-01
8.406314382811108654e-01
8.413829319701644494e-01
8.421344256592179223e-01
8.428859193482715062e-01
8.436374130373249791e-01
8.443889067263785631e-01
8.451404004154320360e-01
8.458918941044856199e-01
8.466433877935390928e-01
8.473948814825925657e-01
8.481463751716461497e-01
8.488978688606996226e-01
8.496493625497532065e-01
8.504008562388066794e-01
8.511523499278602634e-01
8.519038436169137363e-01
8.526553373059673202e-01
8.534068309950207931e-01
8.541583246840742660e-01
8.549098183731278500e-01
8.556613120621813229e-01
8.564128057512349068e-01
8.571642994402883797e-01
8.579157931293419637e-01
8.586672868183954366e-01
8.594187805074490205e-01
8.601702741965024934e-01
8.609217678855559663e-01
8.616732615746095503e-01
8.624247552636630232e-01
8.631762489527166071e-01
8.639277426417700800e-01
8.646792363308236640e-01
8.654307300198771369e-01
8.661822237089307208e-01
8.669337173979841937e-01
8.676852110870376666e-01
8.684367047760912506e-01
8.691881984651447235e-01
8.699396921541983074e-01
8.706911858432517803e-01
8.714426795323053643e-01
8.721941732213588372e-01
8.729456669104124211e-01
8.736971605994658940e-01
8.744486542885193670e-01
8.752001479775729509e-01
8.759516416666264238e-01
8.767031353556800077e-01
8.774546290447334806e-01
8.782061227337870646e-01
8.789576164228405375e-01
8.797091101118941214e-01
8.804606038009475943e-01
8.812120974900010673e-01
8.819635911790546512e-01
8.827150848681081241e-01
8.834665785571617080e-01
8.842180722462151810e-01
8.849695659352687649e-01
8.857210596243222378e-01
8.864725533133757107e-01
8.872240470024292947e-01
8.879755406914827676e-01
8.887270343805363515e-01
8.894785280695898244e-01
8.902300217586434083e-01
8.909815154476968813e-01
8.917330091367504652e-01
8.924845028258039381e-01
8.932359965148574110e-01
8.939874902039109950e-01
8.947389838929644679e-01
8.954904775820180518e-01
8.962419712710715247e-01
8.969934649601251087e-01
8.977449586491785816e-01
8.984964523382321655e-01
8.992479460272856384e-01
