3.000760388511282128e-01
3.002258873396701500e-01
3.003757358282119760e-01
3.005255843167538021e-01
3.006754328052957392e-01
3.008252812938375653e-01
3.009751297823794469e-01
3.011249782709213285e-01
3.012748267594631546e-01
3.014246752480050917e-01
3.015745237365469178e-01
3.017243722250887439e-01
3.018742207136306810e-01
3.020240692021725071e-01
3.021739176907144442e-01
3.023237661792562703e-01
3.024736146677980964e-01
3.026234631563400335e-01
3.027733116448818596e-01
3.029231601334237411e-01
3.030730086219656227e-01
3.032228571105074488e-01
3.033727055990493859e-01
3.035225540875912120e-01
3.036724025761330381e-01
3.038222510646749752e-01
3.039720995532168013e-01
3.041219480417587384e-01
3.042717965303005645e-01
3.044216450188423906e-01
3.045714935073843277e-01
3.047213419959261538e-01
3.048711904844680354e-01
3.050210389730099170e-01
3.051708874615517431e-01
3.053207359500936802e-01
3.054705844386355063e-01
3.056204329271773878e-01
3.057702814157192694e-01
3.059201299042610955e-01
3.060699783928030326e-01
3.062198268813448587e-01
3.063696753698866848e-01
3.065195238584286219e-01
3.066693723469704480e-01
3.068192208355123296e-01
3.069690693240542112e-01
3.071189178125960373e-01
3.072687663011379744e-01
3.074186147896798005e-01
3.075684632782216821e-01
3.077183117667635637e-01
3.078681602553053898e-01
3.080180087438473269e-01
3.081678572323891530e-01
3.083177057209309790e-01
3.084675542094729161e-01
3.086174026980147422e-01
3.087672511865566793e-01
3.089170996750985054e-01
3.090669481636403315e-01
3.092167966521822686e-01
3.093666451407240947e-01
3.095164936292659763e-01
3.096663421178078579e-01
3.098161906063496840e-01
3.099660390948916211e-01
3.101158875834334472e-01
3.102657360719752733e-01
3.104155845605172104e-01
3.105654330490590365e-01
3.107152815376009736e-01
3.108651300261427997e-01
3.110149785146846257e-01
3.111648270032265629e-01
3.113146754917683889e-01
3.114645239803102705e-01
3.116143724688521521e-01
3.117642209573939782e-01
3.119140694459359153e-01
3.120639179344777414e-01
3.122137664230195675e-01
3.123636149115615046e-01
3.125134634001033307e-01
3.126633118886452678e-01
3.128131603771870939e-01
3.129630088657289200e-01
3.131128573542708571e-01
3.132627058428126832e-01
3.134125543313545648e-01
3.135624028198964464e-01
3.137122513084382724e-01
3.138620997969802096e-01
3.140119482855220356e-01
3.141617967740638617e-01
3.143116452626057988e-01
3.144614937511476249e-01
3.146113422396895620e-01
3.147611907282313881e-01
3.149110392167732142e-01
3.150608877053151513e-01
3.152107361938569774e-01
3.153605846823988590e-01
3.155104331709407406e-01
3.156602816594825667e-01
3.158101301480245038e-01
3.159599786365663299e-01
3.161098271251081560e-01
3.162596756136500931e-01
3.164095241021919191e-01
3.165593725907338563e-01
3.167092210792756823e-01
3.168590695678175084e-01
3.170089180563594455e-01
3.171587665449012716e-01
3.173086150334431532e-01
3.174584635219850348e-01
3.176083120105268609e-01
3.177581604990687980e-01
3.179080089876106241e-01
3.180578574761524502e-01
3.182077059646943873e-01
3.183575544532362134e-01
3.185074029417781505e-01
3.186572514303199766e-01
3.188070999188618027e-01
3.189569484074037398e-01
3.191067968959455659e-01
3.192566453844874474e-01
3.194064938730293290e-01
3.195563423615711551e-01
3.197061908501130922e-01
3.198560393386549183e-01
3.200058878271967999e-01
3.201557363157386815e-01
3.203055848042805076e-01
3.204554332928224447e-01
3.206052817813642708e-01
3.207551302699060969e-01
3.209049787584480340e-01
3.210548272469898601e-01
3.212046757355317972e-01
3.213545242240736233e-01
3.215043727126154494e-01
3.216542212011573865e-01
3.218040696896992126e-01
3.219539181782410942e-01
3.221037666667829757e-01
3.222536151553248018e-01
3.224034636438667389e-01
3.225533121324085650e-01
3.227031606209503911e-01
3.228530091094923282e-01
3.230028575980341543e-01
3.231527060865760914e-01
3.233025545751179175e-01
3.234524030636597436e-01
3.236022515522016807e-01
3.237521000407435068e-01
3.239019485292853884e-01
3.240517970178272700e-01
3.242016455063690961e-01
3.243514939949110332e-01
3.245013424834528593e-01
3.246511909719946853e-01
3.248010394605366224e-01
3.249508879490784485e-01
3.251007364376203856e-01
3.252505849261622117e-01
3.254004334147040378e-01
3.255502819032459749e-01
3.257001303917878010e-01
3.258499788803296826e-01
3.259998273688715642e-01
3.261496758574133903e-01
3.262995243459553274e-01
3.264493728344971535e-01
3.265992213230389796e-01
3.267490698115809167e-01
3.268989183001227428e-01
3.270487667886646799e-01
3.271986152772065060e-01
3.273484637657483320e-01
3.274983122542902692e-01
3.276481607428320952e-01
3.277980092313739768e-01
3.279478577199158584e-01
3.280977062084576845e-01
3.282475546969996216e-01
3.283974031855414477e-01
3.285472516740832738e-01
3.286971001626252109e-01
3.288469486511670370e-01
3.289967971397089741e-01
3.291466456282508002e-01
3.292964941167926263e-01
3.294463426053345634e-01
3.295961910938763895e-01
3.297460395824182711e-01
3.298958880709601527e-01
3.300457365595019787e-01
3.301955850480439159e-01
3.303454335365857419e-01
3.304952820251275680e-01
3.306451305136695051e-01
3.307949790022113312e-01
3.309448274907532683e-01
3.310946759792950944e-01
3.312445244678369205e-01
3.313943729563788576e-01
3.315442214449206837e-01
3.316940699334626208e-01
3.318439184220044469e-01
3.319937669105462730e-01
3.321436153990882101e-01
3.322934638876300362e-01
3.324433123761718623e-01
3.325931608647137994e-01
3.327430093532556254e-01
3.328928578417975626e-01
3.330427063303393886e-01
3.331925548188812147e-01
3.333424033074231518e-01
3.334922517959649779e-01
3.336421002845069150e-01
3.337919487730487411e-01
3.339417972615905672e-01
3.340916457501325043e-01
3.342414942386743304e-01
3.343913427272161565e-01
3.345411912157580936e-01
3.346910397042999197e-01
3.348408881928418568e-01
3.349907366813836829e-01
3.351405851699255090e-01
3.352904336584674461e-01
3.354402821470092722e-01
3.355901306355512093e-01
3.357399791240930353e-01
3.358898276126348614e-01
3.360396761011767985e-01
3.361895245897186246e-01
3.363393730782605062e-01
3.364892215668023878e-01
3.366390700553442139e-01
3.367889185438861510e-01
3.369387670324279771e-01
3.370886155209698032e-01
3.372384640095117403e-01
3.373883124980535664e-01
3.375381609865955035e-01
3.376880094751373296e-01
3.378378579636791557e-01
3.379877064522210928e-01
3.381375549407629189e-01
3.382874034293048005e-01
3.384372519178466820e-01
3.385871004063885081e-01
3.387369488949304452e-01
3.388867973834722713e-01
3.390366458720140974e-01
3.391864943605560345e-01
3.393363428490978606e-01
3.394861913376397977e-01
3.396360398261816238e-01
3.397858883147234499e-01
3.399357368032653870e-01
3.400855852918072131e-01
3.402354337803490947e-01
3.403852822688909763e-01
3.405351307574328024e-01
3.406849792459747395e-01
3.408348277345165656e-01
3.409846762230583916e-01
3.411345247116003288e-01
3.412843732001421548e-01
3.414342216886840919e-01
3.415840701772259180e-01
3.417339186657677441e-01
3.418837671543096812e-01
3.420336156428515073e-01
3.421834641313933889e-01
3.423333126199352705e-01
3.424831611084770966e-01
3.426330095970190337e-01
3.427828580855608598e-01
3.429327065741026859e-01
3.430825550626446230e-01
3.432324035511864491e-01
3.433822520397283862e-01
3.435321005282702123e-01
3.436819490168120383e-01
3.438317975053539755e-01
3.439816459938958015e-01
3.441314944824377386e-01
3.442813429709795647e-01
3.444311914595213908e-01
3.445810399480633279e-01
3.447308884366051540e-01
3.448807369251469801e-01
3.450305854136889172e-01
3.451804339022307433e-01
3.453302823907726804e-01
3.454801308793145065e-01
3.456299793678563326e-01
3.457798278563982697e-01
3.459296763449400958e-01
3.460795248334820329e-01
3.462293733220238590e-01
3.463792218105656850e-01
3.465290702991076222e-01
3.466789187876494482e-01
3.468287672761912743e-01
3.469786157647332114e-01
3.471284642532750375e-01
3.472783127418169746e-01
3.474281612303588007e-01
3.475780097189006268e-01
3.477278582074425639e-01
3.478777066959843900e-01
3.480275551845263271e-01
3.481774036730681532e-01
3.483272521616099793e-01
3.484771006501519164e-01
3.486269491386937425e-01
3.487767976272356241e-01
3.489266461157775057e-01
3.490764946043193317e-01
3.492263430928612689e-01
3.493761915814030949e-01
3.495260400699449210e-01
3.496758885584868581e-01
3.498257370470286842e-01
3.499755855355706213e-01
3.501254340241124474e-01
3.502752825126542735e-01
3.504251310011962106e-01
3.505749794897380367e-01
3.507248279782799183e-01
3.508746764668217999e-01
3.510245249553636260e-01
3.511743734439055631e-01
3.513242219324473892e-01
3.514740704209892153e-01
3.516239189095311524e-01
3.517737673980729785e-01
3.519236158866149156e-01
3.520734643751567416e-01
3.522233128636985677e-01
3.523731613522405048e-01
3.525230098407823309e-01
3.526728583293242125e-01
3.528227068178660941e-01
3.529725553064079202e-01
3.531224037949498573e-01
3.532722522834916834e-01
3.534221007720335095e-01
3.535719492605754466e-01
3.537217977491172727e-01
3.538716462376592098e-01
3.540214947262010359e-01
3.541713432147428620e-01
3.543211917032847991e-01
3.544710401918266252e-01
3.546208886803685068e-01
3.547707371689103883e-01
3.549205856574522144e-01
3.550704341459941515e-01
3.552202826345359776e-01
3.553701311230778037e-01
3.555199796116197408e-01
3.556698281001615669e-01
3.558196765887035040e-01
3.559695250772453301e-01
3.561193735657871562e-01
3.562692220543290933e-01
3.564190705428709194e-01
3.565689190314128010e-01
3.567187675199546826e-01
3.568686160084965087e-01
3.570184644970384458e-01
3.571683129855802719e-01
3.573181614741220979e-01
3.574680099626640351e-01
3.576178584512058611e-01
3.577677069397477982e-01
3.579175554282896243e-01
3.580674039168314504e-01
3.582172524053733875e-01
3.583671008939152136e-01
3.585169493824571507e-01
3.586667978709989768e-01
3.588166463595408029e-01
3.589664948480827400e-01
3.591163433366245661e-01
3.592661918251663922e-01
3.594160403137083293e-01
3.595658888022501554e-01
3.597157372907920925e-01
3.598655857793339186e-01
3.600154342678757446e-01
3.601652827564176818e-01
3.603151312449595078e-01
3.604649797335014449e-01
3.606148282220432710e-01
3.607646767105850971e-01
3.609145251991270342e-01
3.610643736876688603e-01
3.612142221762107419e-01
3.613640706647526235e-01
3.615139191532944496e-01
3.616637676418363867e-01
3.618136161303782128e-01
3.619634646189200389e-01
3.621133131074619760e-01
3.622631615960038021e-01
3.624130100845457392e-01
3.625628585730875653e-01
3.627127070616293913e-01
3.628625555501713285e-01
3.630124040387131545e-01
3.631622525272549806e-01
3.633121010157969177e-01
3.634619495043387438e-01
3.636117979928806809e-01
3.637616464814225070e-01
3.639114949699643331e-01
3.640613434585062702e-01
3.642111919470480963e-01
3.643610404355900334e-01
3.645108889241318595e-01
3.646607374126736856e-01
3.648105859012156227e-01
3.649604343897574488e-01
3.651102828782993304e-01
3.652601313668412120e-01
3.654099798553830380e-01
3.655598283439249752e-01
3.657096768324668012e-01
3.658595253210086273e-01
3.660093738095505644e-01
3.661592222980923905e-01
3.663090707866343276e-01
3.664589192751761537e-01
3.666087677637179798e-01
3.667586162522599169e-01
3.669084647408017430e-01
3.670583132293436801e-01
3.672081617178855062e-01
3.673580102064273323e-01
3.675078586949692694e-01
3.676577071835110955e-01
3.678075556720529216e-01
3.679574041605948587e-01
3.681072526491366848e-01
3.682571011376786219e-01
3.684069496262204479e-01
3.685567981147622740e-01
3.687066466033042111e-01
3.688564950918460372e-01
3.690063435803879743e-01
3.691561920689298004e-01
3.693060405574716265e-01
3.694558890460135636e-01
3.696057375345553897e-01
3.697555860230972158e-01
3.699054345116391529e-01
3.700552830001809790e-01
3.702051314887229161e-01
3.703549799772647422e-01
3.705048284658065683e-01
3.706546769543485054e-01
3.708045254428903315e-01
3.709543739314322686e-01
3.711042224199740946e-01
3.712540709085159207e-01
3.714039193970578578e-01
3.715537678855996839e-01
3.717036163741415100e-01
3.718534648626834471e-01
3.720033133512252732e-01
3.721531618397672103e-01
3.723030103283090364e-01
3.724528588168508625e-01
3.726027073053927996e-01
3.727525557939346257e-01
3.729024042824765628e-01
3.730522527710183889e-01
3.732021012595602150e-01
3.733519497481021521e-01
3.735017982366439782e-01
3.736516467251858042e-01
3.738014952137277414e-01
3.739513437022695674e-01
3.741011921908115045e-01
3.742510406793533306e-01
3.744008891678951567e-01
3.745507376564370938e-01
3.747005861449789199e-01
3.748504346335208570e-01
3.750002831220626831e-01
3.751501316106045092e-01
3.752999800991464463e-01
3.754498285876882724e-01
3.755996770762300985e-01
3.757495255647720356e-01
3.758993740533138617e-01
3.760492225418557988e-01
3.761990710303976249e-01
3.763489195189394509e-01
3.764987680074813881e-01
3.766486164960232141e-01
3.767984649845651512e-01
3.769483134731069773e-01
3.770981619616488034e-01
3.772480104501907405e-01
3.773978589387325666e-01
3.775477074272744482e-01
3.776975559158163298e-01
3.778474044043581559e-01
3.779972528929000930e-01
3.781471013814419191e-01
3.782969498699837452e-01
3.784467983585256823e-01
3.785966468470675084e-01
3.787464953356094455e-01
3.788963438241512716e-01
3.790461923126930976e-01
3.791960408012350348e-01
3.793458892897768608e-01
3.794957377783187980e-01
3.796455862668606240e-01
3.797954347554024501e-01
3.799452832439443872e-01
3.800951317324862133e-01
3.802449802210280394e-01
3.803948287095699765e-01
3.805446771981118026e-01
3.806945256866537397e-01
3.808443741751955658e-01
3.809942226637373919e-01
3.811440711522793290e-01
3.812939196408211551e-01
3.814437681293630922e-01
3.815936166179049183e-01
3.817434651064467444e-01
3.818933135949886815e-01
3.820431620835305075e-01
3.821930105720723336e-01
3.823428590606142707e-01
3.824927075491560968e-01
3.826425560376980339e-01
3.827924045262398600e-01
3.829422530147816861e-01
3.830921015033236232e-01
3.832419499918654493e-01
3.833917984804073864e-01
3.835416469689492125e-01
3.836914954574910386e-01
3.838413439460329757e-01
3.839911924345748018e-01
3.841410409231166279e-01
3.842908894116585650e-01
3.844407379002003911e-01
3.845905863887423282e-01
3.847404348772841542e-01
3.848902833658259803e-01
3.850401318543679174e-01
3.851899803429097435e-01
3.853398288314516806e-01
3.854896773199935067e-01
3.856395258085353328e-01
3.857893742970772699e-01
3.859392227856190960e-01
3.860890712741609221e-01
3.862389197627028592e-01
3.863887682512446853e-01
3.865386167397866224e-01
3.866884652283284485e-01
3.868383137168702746e-01
3.869881622054122117e-01
3.871380106939540378e-01
3.872878591824959749e-01
3.874377076710378009e-01
3.875875561595796270e-01
3.877374046481215641e-01
3.878872531366633902e-01
3.880371016252052163e-01
3.881869501137471534e-01
3.883367986022889795e-01
3.884866470908309166e-01
3.886364955793727427e-01
3.887863440679145688e-01
3.889361925564565059e-01
3.890860410449983320e-01
3.892358895335402691e-01
3.893857380220820952e-01
3.895355865106239213e-01
3.896854349991658584e-01
3.898352834877076845e-01
3.899851319762495105e-01
3.901349804647914477e-01
3.902848289533332737e-01
3.904346774418752108e-01
3.905845259304170369e-01
3.907343744189588630e-01
3.908842229075008001e-01
3.910340713960426262e-01
3.911839198845845633e-01
3.913337683731263894e-01
3.914836168616682155e-01
3.916334653502101526e-01
3.917833138387519787e-01
3.919331623272938603e-01
3.920830108158357419e-01
3.922328593043775680e-01
3.923827077929195051e-01
3.925325562814613312e-01
3.926824047700031572e-01
3.928322532585450944e-01
3.929821017470869204e-01
3.931319502356288575e-01
3.932817987241706836e-01
3.934316472127125097e-01
3.935814957012544468e-01
3.937313441897962729e-01
3.938811926783382100e-01
3.940310411668800361e-01
3.941808896554218622e-01
3.943307381439637993e-01
3.944805866325056254e-01
3.946304351210474515e-01
3.947802836095893886e-01
3.949301320981312147e-01
3.950799805866731518e-01
3.952298290752149779e-01
3.953796775637568039e-01
3.955295260522987411e-01
3.956793745408405671e-01
3.958292230293825043e-01
3.959790715179243303e-01
3.961289200064661564e-01
3.962787684950080935e-01
3.964286169835499196e-01
3.965784654720917457e-01
3.967283139606336828e-01
3.968781624491755089e-01
3.970280109377174460e-01
3.971778594262592721e-01
3.973277079148010982e-01
3.974775564033430353e-01
3.976274048918848614e-01
3.977772533804267985e-01
3.979271018689686246e-01
3.980769503575104507e-01
3.982267988460523878e-01
3.983766473345942138e-01
3.985264958231360399e-01
3.986763443116779770e-01
3.988261928002198031e-01
3.989760412887617402e-01
3.991258897773035663e-01
3.992757382658453924e-01
3.994255867543873295e-01
3.995754352429291556e-01
3.997252837314710927e-01
3.998751322200129188e-01
4.000249807085547449e-01
4.001748291970966820e-01
4.003246776856385081e-01
4.004745261741803342e-01
4.006243746627222713e-01
4.007742231512640974e-01
4.009240716398060345e-01
4.010739201283478605e-01
4.012237686168896866e-01
4.013736171054316237e-01
4.015234655939734498e-01
4.016733140825153869e-01
4.018231625710572130e-01
4.019730110595990391e-01
4.021228595481409762e-01
4.022727080366828023e-01
4.024225565252246284e-01
4.025724050137665655e-01
4.027222535023083916e-01
4.028721019908503287e-01
4.030219504793921548e-01
4.031717989679339809e-01
4.033216474564759180e-01
4.034714959450177441e-01
4.036213444335596812e-01
4.037711929221015072e-01
4.039210414106433333e-01
4.040708898991852704e-01
4.042207383877270965e-01
4.043705868762689781e-01
4.045204353648108597e-01
4.046702838533526858e-01
4.048201323418946229e-01
4.049699808304364490e-01
4.051198293189782751e-01
4.052696778075202122e-01
4.054195262960620383e-01
4.055693747846039754e-01
4.057192232731458015e-01
4.058690717616876276e-01
4.060189202502295647e-01
4.061687687387713908e-01
4.063186172273133279e-01
4.064684657158551540e-01
4.066183142043969800e-01
4.067681626929389171e-01
4.069180111814807432e-01
4.070678596700225693e-01
4.072177081585645064e-01
4.073675566471063325e-01
4.075174051356482696e-01
4.076672536241900957e-01
4.078171021127319218e-01
4.079669506012738589e-01
4.081167990898156850e-01
4.082666475783576221e-01
4.084164960668994482e-01
4.085663445554412743e-01
4.087161930439832114e-01
4.088660415325250375e-01
4.090158900210668635e-01
4.091657385096088007e-01
4.093155869981506267e-01
4.094654354866925638e-01
4.096152839752343899e-01
4.097651324637762160e-01
4.099149809523181531e-01
4.100648294408599792e-01
4.102146779294019163e-01
4.103645264179437424e-01
4.105143749064855685e-01
4.106642233950275056e-01
4.108140718835693317e-01
4.109639203721111578e-01
4.111137688606530949e-01
4.112636173491949210e-01
4.114134658377368581e-01
4.115633143262786842e-01
4.117131628148205102e-01
4.118630113033624474e-01
4.120128597919042734e-01
4.121627082804462106e-01
4.123125567689880366e-01
4.124624052575298627e-01
4.126122537460717998e-01
4.127621022346136259e-01
4.129119507231554520e-01
4.130617992116973891e-01
4.132116477002392152e-01
4.133614961887811523e-01
4.135113446773229784e-01
4.136611931658648045e-01
4.138110416544067416e-01
4.139608901429485677e-01
4.141107386314905048e-01
4.142605871200323309e-01
4.144104356085741570e-01
4.145602840971160941e-01
4.147101325856579201e-01
4.148599810741997462e-01
4.150098295627416833e-01
4.151596780512835094e-01
4.153095265398254465e-01
4.154593750283672726e-01
4.156092235169090987e-01
4.157590720054510358e-01
4.159089204939928619e-01
4.160587689825347990e-01
4.162086174710766251e-01
4.163584659596184512e-01
4.165083144481603883e-01
4.166581629367022144e-01
4.168080114252440960e-01
4.169578599137859776e-01
4.171077084023278037e-01
4.172575568908697408e-01
4.174074053794115668e-01
4.175572538679533929e-01
4.177071023564953300e-01
4.178569508450371561e-01
4.180067993335790932e-01
4.181566478221209193e-01
4.183064963106627454e-01
4.184563447992046825e-01
4.186061932877465086e-01
4.187560417762884457e-01
4.189058902648302718e-01
4.190557387533720979e-01
4.192055872419140350e-01
4.193554357304558611e-01
4.195052842189976872e-01
4.196551327075396243e-01
4.198049811960814504e-01
4.199548296846233875e-01
4.201046781731652136e-01
4.202545266617070396e-01
4.204043751502489767e-01
4.205542236387908028e-01
4.207040721273327399e-01
4.208539206158745660e-01
4.210037691044163921e-01
4.211536175929583292e-01
4.213034660815001553e-01
4.214533145700419814e-01
4.216031630585839185e-01
4.217530115471257446e-01
4.219028600356676817e-01
4.220527085242095078e-01
4.222025570127513339e-01
4.223524055012932710e-01
4.225022539898350971e-01
4.226521024783770342e-01
4.228019509669188603e-01
4.229517994554606863e-01
4.231016479440026234e-01
4.232514964325444495e-01
4.234013449210862756e-01
4.235511934096282127e-01
4.237010418981700388e-01
4.238508903867119759e-01
4.240007388752538020e-01
4.241505873637956281e-01
4.243004358523375652e-01
4.244502843408793913e-01
4.246001328294213284e-01
4.247499813179631545e-01
4.248998298065049806e-01
4.250496782950469177e-01
4.251995267835887438e-01
4.253493752721306254e-01
4.254992237606725070e-01
4.256490722492143330e-01
4.257989207377562701e-01
4.259487692262980962e-01
4.260986177148399223e-01
4.262484662033818594e-01
4.263983146919236855e-01
4.265481631804655671e-01
4.266980116690074487e-01
4.268478601575492748e-01
4.269977086460912119e-01
4.271475571346330380e-01
4.272974056231749196e-01
4.274472541117168012e-01
4.275971026002586273e-01
4.277469510888005644e-01
4.278967995773423905e-01
4.280466480658842165e-01
4.281964965544261537e-01
4.283463450429679797e-01
4.284961935315098613e-01
4.286460420200517429e-01
4.287958905085935690e-01
4.289457389971355061e-01
4.290955874856773322e-01
4.292454359742192138e-01
4.293952844627610954e-01
4.295451329513029215e-01
4.296949814398448586e-01
4.298448299283866847e-01
4.299946784169285108e-01
4.301445269054704479e-01
4.302943753940122740e-01
4.304442238825542111e-01
4.305940723710960372e-01
4.307439208596378633e-01
4.308937693481798004e-01
4.310436178367216264e-01
4.311934663252635080e-01
4.313433148138053896e-01
4.314931633023472157e-01
4.316430117908891528e-01
4.317928602794309789e-01
4.319427087679728050e-01
4.320925572565147421e-01
4.322424057450565682e-01
4.323922542335985053e-01
4.325421027221403314e-01
4.326919512106821575e-01
4.328417996992240946e-01
4.329916481877659207e-01
4.331414966763078023e-01
4.332913451648496839e-01
4.334411936533915100e-01
4.335910421419334471e-01
4.337408906304752731e-01
4.338907391190171547e-01
4.340405876075590363e-01
4.341904360961008624e-01
4.343402845846427995e-01
4.344901330731846256e-01
4.346399815617264517e-01
4.347898300502683888e-01
4.349396785388102149e-01
4.350895270273520965e-01
4.352393755158939781e-01
4.353892240044358042e-01
4.355390724929777413e-01
4.356889209815195674e-01
4.358387694700614490e-01
4.359886179586033306e-01
4.361384664471451567e-01
4.362883149356870938e-01
4.364381634242289199e-01
4.365880119127707459e-01
4.367378604013126830e-01
4.368877088898545091e-01
4.370375573783963907e-01
4.371874058669382723e-01
4.373372543554800984e-01
4.374871028440220355e-01
4.376369513325638616e-01
4.377867998211057432e-01
4.379366483096476248e-01
4.380864967981894509e-01
4.382363452867313880e-01
4.383861937752732141e-01
4.385360422638150402e-01
4.386858907523569773e-01
4.388357392408988034e-01
4.389855877294406850e-01
4.391354362179825666e-01
4.392852847065243926e-01
4.394351331950663297e-01
4.395849816836081558e-01
4.397348301721500374e-01
4.398846786606919190e-01
4.400345271492337451e-01
4.401843756377756822e-01
4.403342241263175083e-01
4.404840726148593344e-01
4.406339211034012715e-01
4.407837695919430976e-01
4.409336180804849792e-01
4.410834665690268608e-01
4.412333150575686869e-01
4.413831635461106240e-01
4.415330120346524501e-01
4.416828605231943317e-01
4.418327090117362133e-01
4.419825575002780393e-01
4.421324059888199765e-01
4.422822544773618025e-01
4.424321029659036286e-01
4.425819514544455657e-01
4.427317999429873918e-01
4.428816484315293289e-01
4.430314969200711550e-01
4.431813454086129811e-01
4.433311938971549182e-01
4.434810423856967443e-01
4.436308908742386259e-01
4.437807393627805075e-01
4.439305878513223336e-01
4.440804363398642707e-01
4.442302848284060968e-01
4.443801333169479229e-01
4.445299818054898600e-01
4.446798302940316860e-01
4.448296787825736232e-01
4.449795272711154492e-01
4.451293757596572753e-01
4.452792242481992124e-01
4.454290727367410385e-01
4.455789212252829201e-01
4.457287697138248017e-01
4.458786182023666278e-01
4.460284666909085649e-01
4.461783151794503910e-01
4.463281636679922726e-01
4.464780121565341542e-01
4.466278606450759803e-01
4.467777091336179174e-01
4.469275576221597435e-01
4.470774061107015696e-01
4.472272545992435067e-01
4.473771030877853327e-01
4.475269515763272143e-01
4.476768000648690959e-01
4.478266485534109220e-01
4.479764970419528591e-01
4.481263455304946852e-01
4.482761940190365668e-01
4.484260425075784484e-01
4.485758909961202745e-01
4.487257394846622116e-01
4.488755879732040377e-01
4.490254364617458638e-01
4.491752849502878009e-01
4.493251334388296270e-01
4.494749819273715086e-01
4.496248304159133902e-01
4.497746789044552163e-01
4.499245273929971534e-01
